0 0.5375 0.0859375 0.534375 0.1015625 0.54375 0.109375 0.571875 0.109375 0.5859375 0.0984375 0.5859375 0.0765625 0.5765625 0.0578125 0.5671875 0.05 0.5484375 0.0515625 0.54375 0.0796875 0.5375 0.0859375
0 0.18125 0.1375 0.18125 0.2125 0.2046875 0.2296875 0.2421875 0.23125 0.2546875 0.215625 0.25625 0.2046875 0.2546875 0.14375 0.246875 0.125 0.23125 0.1125 0.19375 0.1109375 0.18125 0.1375
0 0.23125 0.9625 0.225 0.96875 0.225 0.9828125 0.2359375 0.9984375 0.4 0.9984375 0.39375 0.9859375 0.3921875 0.9625 0.375 0.95 0.278125 0.9515625 0.23125 0.9625
0 0.8875 0.903125 0.8875 0.9296875 0.89375 0.940625 0.909375 0.946875 0.934375 0.9484375 0.9921875 0.9359375 0.9984375 0.93125 0.9984375 0.8546875 0.96875 0.85625 0.8984375 0.88125 0.8875 0.903125
0 0.53125 0.0625 0.5265625 0.1 0.534375 0.109375 0.5640625 0.1109375 0.5796875 0.10625 0.5890625 0.09375 0.5890625 0.0296875 0.5828125 0.025 0.56875 0.025 0.53125 0.0625
0 0.0078125 0.2515625 0 0.2515625 0 0.3125 0.0140625 0.309375 0.0359375 0.290625 0.034375 0.2640625 0.025 0.2546875 0.0078125 0.2515625
0 0.40625 0.1375 0.4078125 0.1578125 0.4375 0.1546875 0.4375 0.1359375 0.43125 0.1265625 0.4125 0.1234375 0.40625 0.1375
0 0.89375 0.909375 0.8953125 0.93125 0.9171875 0.946875 0.9828125 0.9375 0.9984375 0.93125 0.9984375 0.884375 0.9796875 0.8859375 0.9671875 0.89375 0.9125 0.8984375 0.89375 0.909375
0 0.63125 0 0.6296875 0.01875 0.6359375 0.0234375 0.6609375 0.0296875 0.690625 0.0296875 0.6984375 0.025 0.7 0 0.63125 0
0 0.2 0.15625 0.1984375 0.1984375 0.1921875 0.21875 0.2046875 0.2296875 0.2421875 0.23125 0.2546875 0.2125 0.2546875 0.1734375 0.2484375 0.15 0.2109375 0.1484375 0.2 0.15625
0 0.4484375 0.109375 0.44375 0.13125 0.45 0.1421875 0.465625 0.14375 0.4734375 0.1328125 0.4703125 0.109375 0.4484375 0.109375
0 0.2546875 0.34375 0.25 0.3484375 0.2515625 0.3609375 0.259375 0.36875 0.26875 0.3984375 0.290625 0.4 0.3140625 0.3921875 0.31875 0.36875 0.3171875 0.35625 0.309375 0.3453125 0.2546875 0.34375
0 0.4078125 0.125 0.4078125 0.1578125 0.4546875 0.1546875 0.465625 0.146875 0.4734375 0.13125 0.46875 0.10625 0.4515625 0.10625 0.4078125 0.125
0 0.0125 0.2046875 0 0.2046875 0 0.3125 0.01875 0.30625 0.0375 0.290625 0.0359375 0.21875 0.0125 0.2046875
0 0.01875 0 0 0 0 0.026953125 0.00625 0.0296875 0 0.0359375 0.0171875 0.0234375 0.01875 0
0 0.40625 0.0640625 0.4 0.096875 0.4046875 0.153125 0.4625 0.153125 0.46875 0.146875 0.4734375 0.1171875 0.4734375 0.06875 0.46875 0.0546875 0.45 0.04375 0.421875 0.0421875 0.4125 0.046875 0.40625 0.0640625
0 0.06875 0 0.01875 0 0.01875 0.028125 0.0234375 0.0359375 0.040625 0.0421875 0.059375 0.0359375 0.06875 0
0 0.6390625 0.496875 0.6359375 0.509375 0.64375 0.51875 0.675 0.51875 0.6828125 0.5046875 0.6703125 0.4875 0.65 0.4890625 0.6390625 0.496875
0 0.5625 0.03125 0.5609375 0.0421875 0.56875 0.0484375 0.5859375 0.0546875 0.5921875 0.046875 0.5921875 0.03125 0.5875 0.025 0.5734375 0.0234375 0.5625 0.03125
0 0.6265625 0.0015625 0.625 0.04375 0.6296875 0.05 0.6515625 0.05625 0.6734375 0.0546875 0.675 0.0328125 0.6875 0.034375 0.6984375 0.0296875 0.6984375 0 0.6265625 0.0015625