0 0.996875 0.2125 0.9984375 0.2140625 0.9984375 0.26875 0.984375 0.2671875 0.9765625 0.2640625 0.9671875 0.25625 0.9640625 0.2484375 0.9640625 0.2359375 0.96875 0.225 0.978125 0.215625 0.984375 0.2125 0.9953125 0.2125
0 0.375 0.56875 0.396875 0.5796875 0.4046875 0.5890625 0.40625 0.6 0.3890625 0.621875 0.3890625 0.6375 0.38125 0.65625 0.3734375 0.665625 0.3640625 0.6703125 0.3453125 0.6703125 0.3234375 0.6640625 0.31875 0.6578125 0.31875 0.646875 0.3328125 0.6328125 0.340625 0.6015625 0.359375 0.571875 0.3625 0.56875 0.3734375 0.56875
0 0.8890625 0.653125 0.9109375 0.6625 0.9296875 0.6796875 0.9328125 0.6875 0.9328125 0.7078125 0.928125 0.7171875 0.921875 0.7453125 0.915625 0.75625 0.915625 0.7625 0.9125 0.76875 0.903125 0.7765625 0.8859375 0.7828125 0.8625 0.7828125 0.84375 0.7765625 0.8265625 0.7609375 0.825 0.75 0.8296875 0.734375 0.840625 0.7140625 0.8421875 0.6921875 0.8484375 0.6875 0.8484375 0.68125 0.853125 0.675 0.8515625 0.671875 0.859375 0.6578125 0.871875 0.6515625 0.8875 0.653125
0 0.63125 0.59375 0.6328125 0.5953125 0.6375 0.5921875 0.665625 0.596875 0.6765625 0.609375 0.6765625 0.625 0.675 0.640625 0.66875 0.6484375 0.6640625 0.6703125 0.6578125 0.684375 0.6453125 0.6984375 0.6234375 0.7046875 0.6140625 0.7046875 0.603125 0.7 0.584375 0.675 0.584375 0.66875 0.590625 0.6609375 0.6046875 0.61875 0.6125 0.609375 0.6125 0.60625 0.6203125 0.6 0.621875 0.5953125 0.6296875 0.59375
0 0.978125 0.275 0.9984375 0.2796875 0.9984375 0.328125 0.9890625 0.328125 0.9625 0.321875 0.9515625 0.3140625 0.95 0.3015625 0.95625 0.284375 0.965625 0.2765625 0.9765625 0.275
0 0.978125 0.6796875 0.990625 0.684375 0.9984375 0.6953125 0.9984375 0.75 0.9953125 0.765625 0.9875 0.78125 0.9765625 0.7921875 0.965625 0.7953125 0.9515625 0.79375 0.93125 0.78125 0.9234375 0.7734375 0.921875 0.753125 0.9390625 0.7 0.946875 0.6828125 0.9578125 0.678125 0.9765625 0.6796875
0 0.065625 0.753125 0.090625 0.7578125 0.1015625 0.7640625 0.103125 0.7671875 0.1015625 0.7796875 0.0953125 0.7875 0.090625 0.7984375 0.0875 0.81875 0.0796875 0.840625 0.075 0.8453125 0.065625 0.8484375 0.046875 0.8484375 0.0328125 0.8453125 0.021875 0.834375 0.021875 0.821875 0.0265625 0.8125 0.0296875 0.790625 0.0375 0.7640625 0.0484375 0.75625 0.0640625 0.753125
0 0.978125 0.39375 0.9984375 0.3984375 0.9984375 0.45 0.99375 0.4515625 0.953125 0.4484375 0.934375 0.44375 0.9234375 0.4359375 0.91875 0.425 0.91875 0.409375 0.921875 0.4015625 0.9265625 0.396875 0.934375 0.39375 0.9765625 0.39375
0 0.7875 0.5984375 0.8109375 0.60625 0.8234375 0.6171875 0.825 0.6203125 0.8234375 0.6390625 0.834375 0.646875 0.8390625 0.6609375 0.8375 0.6765625 0.8296875 0.690625 0.828125 0.6984375 0.821875 0.70625 0.8203125 0.7140625 0.7984375 0.740625 0.78125 0.75 0.7609375 0.75 0.753125 0.7453125 0.74375 0.74375 0.734375 0.7375 0.7328125 0.728125 0.7265625 0.715625 0.725 0.690625 0.728125 0.68125 0.728125 0.6640625 0.73125 0.64375 0.7484375 0.603125 0.75625 0.5953125 0.7703125 0.5953125 0.7859375 0.5984375
0 0.5953125 0.8296875 0.6109375 0.83125 0.621875 0.8375 0.628125 0.8453125 0.63125 0.85625 0.6296875 0.8671875 0.621875 0.8796875 0.61875 0.8953125 0.61875 0.915625 0.6109375 0.9296875 0.5984375 0.9375 0.571875 0.9359375 0.5546875 0.93125 0.5484375 0.925 0.546875 0.9203125 0.546875 0.9109375 0.553125 0.8890625 0.553125 0.8734375 0.55625 0.86875 0.55625 0.859375 0.5625 0.8546875 0.5671875 0.8453125 0.5734375 0.8390625 0.5828125 0.8328125 0.59375 0.83125
0 0.7953125 0.6390625 0.803125 0.6421875 0.828125 0.6421875 0.8375 0.646875 0.8421875 0.653125 0.840625 0.675 0.825 0.70625 0.8234375 0.715625 0.8140625 0.7296875 0.796875 0.74375 0.778125 0.7515625 0.7640625 0.7515625 0.7359375 0.740625 0.7328125 0.7359375 0.7328125 0.7265625 0.759375 0.6828125 0.7703125 0.653125 0.7703125 0.646875 0.7734375 0.6421875 0.78125 0.6375 0.79375 0.6390625
0 0.9578125 0.3359375 0.9984375 0.3421875 0.9984375 0.3953125 0.971875 0.3921875 0.9484375 0.3921875 0.9375 0.3875 0.9265625 0.3765625 0.925 0.3703125 0.9265625 0.3546875 0.934375 0.340625 0.9421875 0.3359375 0.95625 0.3359375