0 0.75 0.03125 0.7484375 0.0546875 0.7609375 0.0671875 0.8296875 0.0703125 0.8484375 0.0765625 0.8546875 0.084375 0.88125 0.0859375 0.8890625 0.046875 0.884375 0.034375 0.8734375 0.025 0.7625 0.01875 0.75 0.03125
0 0.8984375 0 0.74375 0.0015625 0.75 0.0109375 0.76875 0.0171875 0.8625 0.025 0.88125 0.0234375 0.8953125 0.0109375 0.8984375 0
0 0.4125 0.496875 0.4109375 0.5125 0.41875 0.5265625 0.4578125 0.540625 0.484375 0.546875 0.4984375 0.54375 0.5234375 0.55 0.5671875 0.5515625 0.58125 0.5390625 0.5828125 0.4890625 0.5671875 0.48125 0.525 0.478125 0.4625 0.4625 0.43125 0.46875 0.4125 0.496875
0 0.93125 0.46875 0.9296875 0.5015625 0.9359375 0.5109375 0.9984375 0.5234375 0.996875 0.46875 0.98125 0.46875 0.9671875 0.4609375 0.94375 0.4625 0.93125 0.46875
0 0.88125 0.8296875 0.88125 0.8546875 0.896875 0.88125 0.9015625 0.88125 0.91875 0.8609375 0.9625 0.8609375 0.9546875 0.83125 0.94375 0.815625 0.8953125 0.8109375 0.88125 0.8296875
0 0.9640625 0.4296875 0.9609375 0.4546875 0.978125 0.4671875 0.9984375 0.46875 0.9984375 0.41875 0.978125 0.41875 0.9640625 0.4296875
0 0.41875 0.4875 0.4125 0.5125 0.4265625 0.53125 0.5265625 0.55 0.571875 0.546875 0.5734375 0.5140625 0.5546875 0.5 0.5109375 0.4890625 0.4578125 0.4859375 0.440625 0.4796875 0.4265625 0.48125 0.41875 0.4875
0 0.4703125 0.425 0.46875 0.446875 0.4796875 0.4609375 0.4984375 0.46875 0.55 0.4734375 0.5828125 0.484375 0.6 0.484375 0.6140625 0.478125 0.6234375 0.4625 0.6109375 0.43125 0.5953125 0.425 0.5765625 0.425 0.56875 0.41875 0.5234375 0.4125 0.4921875 0.4125 0.4703125 0.425
0 0.8875 0.81875 0.88125 0.83125 0.88125 0.85 0.8953125 0.88125 0.9125 0.8984375 0.925 0.9 0.94375 0.921875 0.9515625 0.9203125 0.95625 0.90625 0.9796875 0.8734375 0.978125 0.8640625 0.9625 0.8546875 0.9484375 0.81875 0.9234375 0.8125 0.8921875 0.8125 0.8875 0.81875
0 0.003125 0.74375 0 0.7390625 0 0.7796875 0.0078125 0.7796875 0.0140625 0.7703125 0.003125 0.74375
0 0.64375 0.221875 0.64375 0.2484375 0.6765625 0.2734375 0.7171875 0.278125 0.734375 0.275 0.75 0.28125 0.76875 0.28125 0.7875 0.2671875 0.7796875 0.2359375 0.7578125 0.2234375 0.7296875 0.2234375 0.675 0.2125 0.6546875 0.2125 0.64375 0.221875
0 0.93125 0.5421875 0.93125 0.5734375 0.9515625 0.58125 0.9984375 0.58125 0.9984375 0.525 0.9515625 0.5203125 0.93125 0.5421875
0 0.209375 0.1109375 0.2046875 0.1171875 0.2046875 0.134375 0.2234375 0.1484375 0.2703125 0.15625 0.315625 0.15625 0.3265625 0.1625 0.3609375 0.1609375 0.3671875 0.1546875 0.3671875 0.1296875 0.3546875 0.11875 0.259375 0.1 0.225 0.0984375 0.209375 0.1109375
0 0.003125 0.7453125 0 0.7421875 0 0.8296875 0.0296875 0.8 0.0296875 0.7921875 0.01875 0.78125 0.003125 0.7453125
0 0.66875 0.1296875 0.66875 0.1453125 0.6875 0.1609375 0.7234375 0.1625 0.7546875 0.1734375 0.7796875 0.1734375 0.8078125 0.1859375 0.828125 0.1796875 0.8359375 0.1609375 0.83125 0.14375 0.8125 0.1296875 0.7453125 0.1203125 0.725 0.1125 0.690625 0.1109375 0.66875 0.1296875
0 0.659375 0.15625 0.65625 0.1921875 0.66875 0.209375 0.69375 0.2171875 0.7609375 0.2234375 0.7875 0.2359375 0.7953125 0.2359375 0.8 0.2296875 0.8046875 0.234375 0.7953125 0.21875 0.8015625 0.2 0.796875 0.18125 0.7734375 0.175 0.7484375 0.175 0.7109375 0.1640625 0.7046875 0.1671875 0.68125 0.1609375 0.6671875 0.1484375 0.659375 0.15625
0 0.9859375 0.36875 0.9796875 0.375 0.9796875 0.403125 0.9921875 0.4171875 0.9984375 0.4171875 0.9984375 0.36875 0.9859375 0.36875
0 0.9046875 0.88125 0.9015625 0.8875 0.90625 0.89375 0.9265625 0.9015625 0.940625 0.921875 0.9484375 0.9234375 0.95625 0.9171875 0.95625 0.90625 0.96875 0.89375 0.9796875 0.8703125 0.96875 0.8640625 0.9234375 0.8609375 0.9046875 0.88125
0 0.5046875 0.3578125 0.5046875 0.3859375 0.51875 0.3984375 0.5546875 0.40625 0.603125 0.4078125 0.6203125 0.4171875 0.6484375 0.4171875 0.6671875 0.4 0.6609375 0.36875 0.64375 0.3546875 0.5890625 0.3484375 0.58125 0.34375 0.5234375 0.34375 0.5046875 0.3578125
0 0.6046875 0.525 0.6 0.5484375 0.6140625 0.5625 0.6296875 0.56875 0.696875 0.5734375 0.7078125 0.58125 0.7390625 0.5859375 0.78125 0.5625 0.78125 0.5546875 0.76875 0.5421875 0.7109375 0.5140625 0.7078125 0.5171875 0.6796875 0.509375 0.63125 0.5109375 0.6046875 0.525
0 0.6921875 0.0703125 0.6875 0.0859375 0.69375 0.0984375 0.7125 0.1109375 0.8109375 0.125 0.83125 0.1359375 0.8515625 0.1328125 0.8625 0.1109375 0.8625 0.096875 0.840625 0.075 0.76875 0.0734375 0.759375 0.0625 0.740625 0.05625 0.7125 0.05625 0.6921875 0.0703125