0 0.4375 0.0796875 0.434375 0.1 0.44375 0.11875 0.4796875 0.1171875 0.5 0.09375 0.5265625 0.0765625 0.5671875 0.0609375 0.56875 0.053125 0.5546875 0.04375 0.53125 0.0375 0.5046875 0.0375 0.496875 0.046875 0.465625 0.0515625 0.4375 0.0796875
0 0.6765625 0.30625 0.6796875 0.3125 0.675 0.3171875 0.6890625 0.328125 0.6921875 0.34375 0.7140625 0.3640625 0.7296875 0.3921875 0.740625 0.4 0.76875 0.4078125 0.7765625 0.4265625 0.7734375 0.4484375 0.7609375 0.4625 0.7625 0.4734375 0.7703125 0.475 0.7734375 0.4875 0.7859375 0.4859375 0.8046875 0.4984375 0.8078125 0.5125 0.815625 0.5171875 0.8234375 0.5359375 0.8265625 0.5609375 0.8703125 0.6046875 0.9046875 0.603125 0.9046875 0.59375 0.9296875 0.5640625 0.946875 0.5546875 0.9546875 0.5234375 0.95625 0.49375 0.940625 0.46875 0.94375 0.4375 0.9375 0.4265625 0.921875 0.4125 0.8984375 0.415625 0.8796875 0.4046875 0.859375 0.3609375 0.8328125 0.3484375 0.83125 0.3375 0.7828125 0.3171875 0.75 0.2921875 0.7203125 0.28125 0.7 0.28125 0.6828125 0.290625 0.6765625 0.30625
0 0.6828125 0.296875 0.68125 0.3203125 0.6921875 0.33125 0.69375 0.34375 0.7015625 0.353125 0.7140625 0.3578125 0.725 0.3796875 0.7453125 0.3984375 0.7671875 0.3953125 0.8046875 0.403125 0.8078125 0.3890625 0.81875 0.3859375 0.81875 0.3796875 0.8234375 0.38125 0.815625 0.371875 0.83125 0.340625 0.821875 0.3328125 0.78125 0.3171875 0.7640625 0.3015625 0.71875 0.28125 0.7015625 0.28125 0.6875 0.2875 0.6828125 0.296875
0 0.0015625 0.115625 0 0.12369843750000001 0.00625 0.1265625 0 0.1317703125 0 0.1640625 0.025 0.15 0.0015625 0.115625
0 0.8109375 0.4875 0.8078125 0.496875 0.8296875 0.525 0.83125 0.5515625 0.8375 0.55 0.8546875 0.5625 0.8859375 0.5546875 0.9171875 0.5546875 0.9265625 0.5421875 0.9359375 0.5421875 0.94375 0.5359375 0.95625 0.50625 0.95625 0.49375 0.9484375 0.4796875 0.91875 0.4796875 0.909375 0.4875 0.88125 0.4890625 0.859375 0.4859375 0.83125 0.4734375 0.8109375 0.4875
0 0.0859375 0.0015625 0.0859375 0.0375 0.10625 0.0578125 0.1171875 0.0625 0.14375 0.0625 0.153125 0.0546875 0.1578125 0 0.0859375 0.0015625
0 0.43125 0.6859375 0.425 0.7015625 0.425 0.725 0.4421875 0.7421875 0.46875 0.7453125 0.4921875 0.734375 0.5 0.6828125 0.4734375 0.65625 0.4515625 0.65625 0.43125 0.6859375
0 0.8125 0.4359375 0.8125 0.4484375 0.821875 0.4515625 0.8375 0.46875 0.846875 0.46875 0.8546875 0.478125 0.8859375 0.4859375 0.9265625 0.4734375 0.9375 0.4625 0.94375 0.4421875 0.9421875 0.43125 0.9234375 0.4125 0.896875 0.4171875 0.8796875 0.40625 0.8703125 0.40625 0.8625 0.4125 0.859375 0.4234375 0.846875 0.4359375 0.81875 0.43125 0.8125 0.4359375
0 0.546875 0.7875 0.54375 0.7984375 0.5546875 0.8140625 0.5546875 0.828125 0.575 0.85 0.5984375 0.853125 0.634375 0.8359375 0.6359375 0.8078125 0.60625 0.78125 0.5828125 0.76875 0.56875 0.76875 0.546875 0.7875
0 0.3125 0 0.309375 0.0109375 0.3234375 0.0234375 0.3375 0.0484375 0.3796875 0.0625 0.3984375 0.0515625 0.4 0.0265625 0.4171875 0.00625 0.403125 0 0.3125 0
0 0.0375 0.21875 0.0375 0.246875 0.05 0.259375 0.075 0.2671875 0.1609375 0.259375 0.196875 0.25 0.20625 0.240625 0.2046875 0.2296875 0.1875 0.2 0.1765625 0.1921875 0.1125 0.1953125 0.0375 0.21875
0 0.2625 0.0265625 0.2609375 0.090625 0.2703125 0.1109375 0.2859375 0.11875 0.30625 0.1109375 0.321875 0.1109375 0.3296875 0.0734375 0.3296875 0.04375 0.31875 0.0203125 0.30625 0.0125 0.2796875 0.0125 0.2625 0.0265625
0 0.175 0.025 0.16875 0.0671875 0.1875 0.084375 0.2328125 0.0859375 0.2546875 0.06875 0.25 0.05625 0.246875 0.0015625 0.1890625 0 0.175 0.025
0 0.00625 0.1578125 0 0.1640625 0 0.21875 0.0359375 0.21875 0.0734375 0.2046875 0.0859375 0.19375 0.075 0.1671875 0.0546875 0.15 0.025 0.15 0.00625 0.1578125
0 0.8015625 0.38125 0.8 0.43125 0.8125 0.4375 0.8484375 0.4359375 0.865625 0.4078125 0.875 0.4046875 0.8671875 0.3734375 0.8546875 0.359375 0.81875 0.36875 0.8015625 0.38125
0 0.0046875 0.0015625 0.00625 0.01875 0.0203125 0.0296875 0.053125 0.03125 0.0671875 0.025 0.065625 0 0.0046875 0.0015625
0 0.38125 0.003125 0.375 0.00625 0.384375 0.00625 0.38125 0.003125
0 0.325 0.003125 0.3375 0.0546875 0.353125 0.0578125 0.359375 0.0671875 0.35 0.0859375 0.35 0.109375 0.36875 0.1203125 0.4203125 0.11875 0.4484375 0.1234375 0.4796875 0.1171875 0.4953125 0.0984375 0.5203125 0.0796875 0.58125 0.0546875 0.55 0.034375 0.5546875 0.01875 0.534375 0 0.45625 0 0.4265625 0.0078125 0.409375 0.01875 0.4 0.0125 0.3875 0.0125 0.3859375 0.00625 0.3859375 0.01875 0.3765625 0.0171875 0.36875 0.0234375 0.3625 0.0171875 0.3625 0.003125 0.35625 0 0.325 0.003125
0 0.71875 0.3234375 0.71875 0.35625 0.73125 0.36875 0.7609375 0.3796875 0.775 0.3796875 0.8046875 0.36875 0.8109375 0.3578125 0.81875 0.3546875 0.8234375 0.3421875 0.7921875 0.31875 0.7765625 0.31875 0.76875 0.3125 0.7375 0.3109375 0.71875 0.3234375