0 0.70625 0.3796875 0.7046875 0.4015625 0.7109375 0.4125 0.7109375 0.425 0.734375 0.4234375 0.7734375 0.4296875 0.7796875 0.4234375 0.78125 0.4125 0.76875 0.3953125 0.76875 0.3875 0.7421875 0.3765625 0.70625 0.3796875
0 0.0671875 0.3375 0.0625 0.3421875 0.0625 0.353125 0.0796875 0.384375 0.1421875 0.3890625 0.146875 0.375 0.1359375 0.3484375 0.1234375 0.3375 0.1 0.3328125 0.0671875 0.3375
0 0.003125 0.21875 0 0.259375 0.0484375 0.2734375 0.065625 0.2734375 0.0734375 0.26875 0.0734375 0.2515625 0.0578125 0.2265625 0.0359375 0.21875 0.003125 0.21875
0 0.35 0.5296875 0.3484375 0.5421875 0.359375 0.5578125 0.3640625 0.58125 0.3796875 0.6046875 0.3875 0.628125 0.446875 0.6296875 0.4375 0.5890625 0.4171875 0.5640625 0.403125 0.53125 0.3625 0.5265625 0.35 0.5296875
0 0.7390625 0.7015625 0.7375 0.721875 0.753125 0.725 0.7640625 0.7375 0.7875 0.74375 0.81875 0.7421875 0.83125 0.75 0.8546875 0.753125 0.8640625 0.75 0.88125 0.7546875 0.8859375 0.75 0.8859375 0.7421875 0.8796875 0.7359375 0.884375 0.7140625 0.875 0.70625 0.7875 0.6921875 0.75 0.69375 0.7390625 0.7015625
0 0.11875 0.3234375 0.1171875 0.3328125 0.1421875 0.359375 0.15 0.3921875 0.1828125 0.39375 0.2 0.3921875 0.2046875 0.3875 0.2046875 0.371875 0.1859375 0.3140625 0.1359375 0.3125 0.11875 0.3234375
0 0.00625 0.275 0 0.278125 0.003125 0.3171875 0.0546875 0.3171875 0.0546875 0.296875 0.0421875 0.28125 0.00625 0.275
0 0.1328125 0.503125 0.13125 0.5234375 0.1421875 0.5359375 0.14375 0.5484375 0.1734375 0.6 0.18125 0.6046875 0.2234375 0.603125 0.23125 0.5921875 0.2296875 0.5828125 0.1921875 0.5109375 0.171875 0.5 0.1328125 0.503125
0 0.69375 0.4234375 0.69375 0.45625 0.7 0.465625 0.721875 0.4734375 0.7453125 0.4734375 0.75625 0.4671875 0.75625 0.4484375 0.7484375 0.4421875 0.728125 0.4375 0.7109375 0.425 0.69375 0.4234375
0 0.60625 0.3 0.6046875 0.315625 0.6203125 0.34375 0.68125 0.35 0.6921875 0.34375 0.6859375 0.3234375 0.6609375 0.3015625 0.628125 0.296875 0.60625 0.3
0 0.2421875 0.5140625 0.2375 0.5203125 0.2375 0.5375 0.2515625 0.5515625 0.26875 0.5890625 0.2875 0.6109375 0.325 0.6125 0.34375 0.6046875 0.34375 0.5828125 0.3359375 0.56875 0.3125 0.5484375 0.30625 0.53125 0.29375 0.51875 0.26875 0.5109375 0.2421875 0.5140625
0 0.065625 0.3375 0.0625 0.3546875 0.0796875 0.384375 0.1421875 0.39375 0.1875 0.39375 0.2046875 0.3875 0.1921875 0.325 0.184375 0.3140625 0.1375 0.3125 0.11875 0.321875 0.115625 0.33125 0.065625 0.3375
0 0.4515625 0.5375 0.4515625 0.5546875 0.4625 0.5765625 0.46875 0.6046875 0.4890625 0.628125 0.5109375 0.628125 0.5203125 0.6171875 0.5375 0.6171875 0.5375 0.60625 0.5234375 0.575 0.49375 0.5265625 0.4625 0.5265625 0.4515625 0.5375
0 0.39375 0.5921875 0.3859375 0.6 0.3875 0.6265625 0.4171875 0.63125 0.446875 0.628125 0.434375 0.5875 0.415625 0.5828125 0.39375 0.5921875
0 0.4484375 0.39375 0.45 0.425 0.46875 0.43125 0.4859375 0.4484375 0.5234375 0.4546875 0.5421875 0.446875 0.55 0.4359375 0.5484375 0.41875 0.5375 0.4 0.5375 0.375 0.53125 0.36875 0.496875 0.36875 0.478125 0.3796875 0.46875 0.3796875 0.4484375 0.39375
0 0.59375 0.3484375 0.5921875 0.3578125 0.6 0.384375 0.625 0.403125 0.6609375 0.4046875 0.675 0.39375 0.6765625 0.3765625 0.6625 0.371875 0.659375 0.3640625 0.6375 0.359375 0.6125 0.3421875 0.59375 0.3484375