0 0.8546875 0.36875 0.853125 0.3828125 0.8609375 0.3890625 0.928125 0.3859375 0.94375 0.3796875 0.99375 0.375 0.9984375 0.3734375 0.9984375 0.3265625 0.9734375 0.3234375 0.9609375 0.33125 0.9296875 0.3375 0.921875 0.346875 0.9234375 0.359375 0.91875 0.3625 0.8546875 0.36875
0 0.6359375 0.3265625 0.6359375 0.371875 0.6515625 0.40625 0.6625 0.415625 0.6875 0.4234375 0.7171875 0.4171875 0.725 0.403125 0.7234375 0.3828125 0.73125 0.359375 0.73125 0.3484375 0.7234375 0.334375 0.69375 0.3171875 0.6359375 0.3265625
0 0.00625 0.33125 0 0.33125 0 0.40625 0.040625 0.4 0.0484375 0.39375 0.0546875 0.371875 0.0359375 0.35 0.00625 0.33125
0 0.31875 0.5859375 0.3171875 0.596875 0.33125 0.60625 0.3328125 0.6203125 0.3453125 0.6390625 0.359375 0.6375 0.371875 0.6203125 0.3890625 0.6234375 0.3953125 0.61875 0.39375 0.5859375 0.375 0.56875 0.33125 0.56875 0.31875 0.5859375
0 0.9265625 0.3421875 0.9234375 0.353125 0.9328125 0.371875 0.95625 0.3796875 0.9984375 0.3734375 0.9984375 0.3296875 0.9921875 0.325 0.96875 0.325 0.9625 0.33125 0.9265625 0.3421875
0 0.003125 0 0 0.00625 0.0234375 0.0171875 0.01875 0.025 0.01875 0.0421875 0.025 0.04375 0.025 0.0625 0.04375 0.05 0.0625 0.05 0.0796875 0.03125 0.084375 0.003125 0.019443750000000003 0 0.0203125 0.0140625 0.0125 0.0078125 0.011284375000000001 0 0.003125 0
0 0.153125 0.8859375 0.15 0.89375 0.1640625 0.90625 0.1859375 0.90625 0.1890625 0.9015625 0.1859375 0.875 0.16875 0.8734375 0.153125 0.8859375
0 0.1625 0.5234375 0.1609375 0.5421875 0.1796875 0.5875 0.1796875 0.6046875 0.1859375 0.6046875 0.209375 0.6234375 0.2421875 0.6171875 0.246875 0.6109375 0.246875 0.596875 0.2265625 0.5578125 0.21875 0.525 0.209375 0.51875 0.1734375 0.51875 0.1625 0.5234375
0 0.3265625 0.5734375 0.3265625 0.5796875 0.3171875 0.5890625 0.3171875 0.6 0.33125 0.6171875 0.3375 0.64375 0.36875 0.6421875 0.3921875 0.634375 0.4125 0.64375 0.39375 0.6046875 0.39375 0.5859375 0.384375 0.5734375 0.365625 0.565625 0.34375 0.565625 0.3265625 0.5734375
0 0.225 0.4375 0.225 0.4671875 0.2421875 0.475 0.2453125 0.490625 0.259375 0.5 0.2796875 0.5 0.2859375 0.4921875 0.2859375 0.4734375 0.26875 0.44375 0.2359375 0.434375 0.225 0.4375
0 0.0375 0.06875 0.034375 0.084375 0.0421875 0.1046875 0.05 0.1109375 0.0859375 0.109375 0.096875 0.1046875 0.1046875 0.09375 0.1046875 0.0703125 0.0921875 0.0578125 0.0578125 0.0546875 0.0375 0.06875
0 0.7875 0.4421875 0.784375 0.453125 0.7703125 0.465625 0.7734375 0.4796875 0.8 0.5375 0.8 0.5546875 0.8078125 0.5734375 0.821875 0.5859375 0.8359375 0.5875 0.8390625 0.58125 0.8265625 0.5484375 0.8109375 0.4625 0.8 0.44375 0.7875 0.4421875
0 0.009375 0.09375 0 0.0859375 0 0.1328125 0.0078125 0.1296875 0.0171875 0.115625 0.0171875 0.10625 0.009375 0.09375
0 0.0875 0.8921875 0.0859375 0.909375 0.1 0.921875 0.1375 0.9171875 0.15 0.90625 0.1421875 0.8859375 0.09375 0.8859375 0.0875 0.8921875
0 0.85 0.3984375 0.84375 0.4046875 0.853125 0.4171875 0.85 0.4375 0.8640625 0.4484375 0.8921875 0.446875 0.9 0.4421875 0.9453125 0.4421875 0.9484375 0.446875 0.9671875 0.4484375 0.9984375 0.4359375 0.9984375 0.4078125 0.9921875 0.403125 0.9875 0.3875 0.9765625 0.3875 0.96875 0.3734375 0.9765625 0.3640625 0.9859375 0.36875 0.9875 0.3546875 0.9765625 0.35625 0.9640625 0.34375 0.95 0.353125 0.9453125 0.3625 0.9390625 0.3546875 0.9328125 0.3546875 0.9296875 0.3625 0.934375 0.3671875 0.91875 0.384375 0.884375 0.3875 0.85 0.3984375
0 0.39375 0.6625 0.378125 0.675 0.35625 0.675 0.3796875 0.7546875 0.40625 0.78125 0.4171875 0.7859375 0.4453125 0.7859375 0.465625 0.7734375 0.4625 0.7484375 0.43125 0.7109375 0.4296875 0.6984375 0.4125 0.6640625 0.39375 0.6625
0 0.0078125 0.54375 0 0.546875 0.003125 0.646875 0.0109375 0.6546875 0.0375 0.6546875 0.0578125 0.6421875 0.0578125 0.5734375 0.040625 0.5515625 0.0078125 0.54375
0 0.2265625 0.4359375 0.225 0.4875 0.2421875 0.5265625 0.24375 0.571875 0.2546875 0.5921875 0.278125 0.596875 0.296875 0.5859375 0.2921875 0.54375 0.28125 0.5046875 0.2859375 0.4734375 0.2671875 0.4421875 0.2265625 0.4359375
0 0.85625 0.41875 0.85 0.425 0.85 0.4375 0.8671875 0.4484375 0.8984375 0.4421875 0.94375 0.4421875 0.9484375 0.4375 0.94375 0.3953125 0.9375 0.3875 0.89375 0.3953125 0.871875 0.415625 0.85625 0.41875
0 0.7875 0.44375 0.7734375 0.4609375 0.775 0.4796875 0.8078125 0.4796875 0.8109375 0.4703125 0.8046875 0.45625 0.796875 0.44375 0.7875 0.44375
0 0.075 0.53125 0.06875 0.5375 0.06875 0.559375 0.0796875 0.6125 0.1171875 0.634375 0.1375 0.6359375 0.153125 0.63125 0.15625 0.60625 0.1421875 0.5953125 0.1359375 0.5546875 0.125 0.53125 0.103125 0.525 0.075 0.53125
0 0.09375 0.1625 0.0875 0.16875 0.0875 0.1765625 0.1265625 0.2671875 0.1421875 0.26875 0.16875 0.2546875 0.1734375 0.25 0.1734375 0.23125 0.1609375 0.2140625 0.14375 0.16875 0.13125 0.1578125 0.09375 0.1625
0 0.025 0.8796875 0.0203125 0.8921875 0.0421875 0.9234375 0.0671875 0.925 0.0765625 0.9203125 0.0796875 0.9046875 0.0671875 0.8875 0.0390625 0.878125 0.025 0.8796875
0 0.340625 0.646875 0.3375 0.6625 0.34375 0.6734375 0.3609375 0.68125 0.3703125 0.675 0.3921875 0.675 0.4109375 0.6625 0.4109375 0.64375 0.3984375 0.625 0.3828125 0.61875 0.35625 0.6234375 0.3546875 0.634375 0.340625 0.646875
0 0.33125 0.5703125 0.31875 0.59375 0.33125 0.6046875 0.33125 0.6234375 0.3375 0.6296875 0.3375 0.665625 0.3609375 0.6921875 0.3640625 0.7109375 0.3796875 0.74375 0.3796875 0.7546875 0.3890625 0.76875 0.41875 0.7859375 0.4421875 0.7859375 0.45625 0.7796875 0.465625 0.7703125 0.465625 0.759375 0.43125 0.709375 0.421875 0.6765625 0.4125 0.6625 0.4171875 0.64375 0.4046875 0.63125 0.403125 0.6203125 0.39375 0.6078125 0.39375 0.5859375 0.3703125 0.5671875 0.33125 0.5703125
0 0.31875 0.5875 0.3171875 0.5953125 0.3234375 0.6015625 0.3375 0.6453125 0.3375 0.6625 0.3453125 0.675 0.3625 0.6796875 0.365625 0.675 0.3859375 0.675 0.40625 0.665625 0.4171875 0.64375 0.40625 0.6328125 0.39375 0.6046875 0.39375 0.5859375 0.38125 0.5734375 0.3609375 0.565625 0.33125 0.56875 0.31875 0.5875
0 0.38125 0.725 0.38125 0.75625 0.40625 0.78125 0.4171875 0.7859375 0.4421875 0.7859375 0.465625 0.7734375 0.4625 0.75 0.4234375 0.7109375 0.4 0.7078125 0.3890625 0.7125 0.38125 0.725
0 0.325 0.5765625 0.3234375 0.5875 0.340625 0.603125 0.39375 0.596875 0.39375 0.5828125 0.3625 0.5625 0.3328125 0.5671875 0.325 0.5765625
0 0.7734375 0.4609375 0.7734375 0.4796875 0.7875 0.509375 0.8078125 0.5421875 0.8171875 0.540625 0.8171875 0.4984375 0.80625 0.4578125 0.7984375 0.4453125 0.7921875 0.44375 0.7734375 0.4609375
0 0.028125 0.8796875 0.0203125 0.8859375 0.0203125 0.8921875 0.0296875 0.9015625 0.03125 0.9125 0.046875 0.925 0.11875 0.921875 0.1421875 0.915625 0.15 0.90625 0.1421875 0.8859375 0.0890625 0.8859375 0.0703125 0.8921875 0.05625 0.88125 0.028125 0.8796875
0 0.853125 0.3703125 0.85 0.3859375 0.859375 0.3921875 0.925 0.3859375 0.9375 0.3796875 0.925 0.3625 0.88125 0.3625 0.853125 0.3703125
0 0.0234375 0.878125 0.01875 0.8921875 0.03125 0.9125 0.046875 0.925 0.0671875 0.925 0.08125 0.91875 0.1203125 0.921875 0.1421875 0.915625 0.1515625 0.90625 0.1875 0.903125 0.1875 0.88125 0.18125 0.875 0.1640625 0.875 0.15625 0.884375 0.1484375 0.8859375 0.096875 0.884375 0.0875 0.8890625 0.06875 0.8890625 0.04375 0.875 0.0234375 0.878125
0 0.9515625 0.3953125 0.9515625 0.446875 0.9703125 0.4484375 0.9984375 0.4375 0.9984375 0.4078125 0.9875 0.3984375 0.9515625 0.3953125