0 0.384375 0.609375 0.3796875 0.6109375 0.38125 0.625 0.40625 0.6484375 0.40625 0.675 0.4125 0.6796875 0.4171875 0.70625 0.434375 0.7109375 0.4421875 0.70625 0.4421875 0.6921875 0.45 0.6875 0.45 0.6796875 0.425 0.659375 0.4171875 0.646875 0.4109375 0.61875 0.403125 0.6125 0.384375 0.609375
0 0.8953125 0.7140625 0.8921875 0.740625 0.8984375 0.7546875 0.90625 0.8078125 0.9125 0.815625 0.9453125 0.8171875 0.9578125 0.8125 0.971875 0.796875 0.96875 0.7515625 0.9734375 0.725 0.9546875 0.70625 0.9375 0.7015625 0.9171875 0.7015625 0.8953125 0.7140625
0 0.65 0.9828125 0.6453125 0.9890625 0.6484375 0.9984375 0.7125 0.9953125 0.696875 0.98125 0.6796875 0.975 0.65 0.9828125
0 0.115625 0.93125 0.1046875 0.9421875 0.1046875 0.95625 0.1171875 0.978125 0.1171875 0.9921875 0.1484375 0.9984375 0.1875 0.9984375 0.1796875 0.9625 0.159375 0.93125 0.115625 0.93125
0 0.2 0.9265625 0.1953125 0.9484375 0.1984375 0.990625 0.2046875 0.9984375 0.2734375 0.9984375 0.2671875 0.9484375 0.25625 0.921875 0.25 0.9171875 0.21875 0.9171875 0.2 0.9265625
0 0.7 0.6890625 0.6984375 0.740625 0.7015625 0.75 0.7125 0.759375 0.725 0.7671875 0.753125 0.7734375 0.784375 0.75625 0.78125 0.725 0.775 0.7125 0.7640625 0.7046875 0.7546875 0.6765625 0.7078125 0.675 0.7 0.6890625
0 0.79375 0.7109375 0.79375 0.7671875 0.8015625 0.78125 0.81875 0.796875 0.8359375 0.8046875 0.878125 0.8 0.8875 0.78125 0.8859375 0.7671875 0.8921875 0.7609375 0.884375 0.7515625 0.8796875 0.71875 0.8640625 0.7125 0.853125 0.6984375 0.81875 0.6984375 0.79375 0.7109375
0 0.7015625 0.68125 0.7015625 0.7484375 0.7125 0.75625 0.734375 0.75625 0.7421875 0.7453125 0.75 0.7140625 0.7609375 0.7046875 0.759375 0.6828125 0.753125 0.6765625 0.734375 0.6734375 0.7078125 0.675 0.7015625 0.68125
0 0.40625 0.95625 0.40625 0.990625 0.4109375 0.9984375 0.46875 0.9984375 0.4609375 0.95625 0.4484375 0.95 0.425 0.95 0.40625 0.95625
0 0.7453125 0.734375 0.74375 0.7609375 0.75 0.7671875 0.7828125 0.759375 0.784375 0.7375 0.7796875 0.71875 0.76875 0.70625 0.75625 0.7078125 0.75 0.7140625 0.7453125 0.734375
0 0.21875 0.64375 0.215625 0.6703125 0.2234375 0.6796875 0.2671875 0.69375 0.2921875 0.69375 0.3109375 0.6859375 0.309375 0.675 0.275 0.6359375 0.2640625 0.63125 0.2359375 0.63125 0.21875 0.64375