0 0.8125 0 0.8125 0.0234375 0.8296875 0.05 0.8390625 0.084375 0.85 0.096875 0.86875 0.10625 0.9109375 0.10625 0.9375 0.084375 0.9359375 0.0703125 0.9125 0.0515625 0.903125 0.05 0.8609375 0 0.8125 0
0 0.69375 0.2640625 0.6921875 0.3046875 0.6796875 0.33125 0.68125 0.34375 0.7265625 0.34375 0.7390625 0.3359375 0.75625 0.3375 0.76875 0.3609375 0.7859375 0.3671875 0.815625 0.3625 0.825 0.353125 0.83125 0.3421875 0.8375 0.28125 0.83125 0.2640625 0.821875 0.25625 0.78125 0.2515625 0.759375 0.2609375 0.7359375 0.2609375 0.725 0.2546875 0.7015625 0.2546875 0.69375 0.2640625
0 0.76875 0.275 0.7734375 0.2921875 0.7734375 0.31875 0.7640625 0.33125 0.76875 0.359375 0.790625 0.3671875 0.815625 0.3625 0.825 0.353125 0.8328125 0.33125 0.8375 0.28125 0.83125 0.2640625 0.8171875 0.2546875 0.796875 0.2515625 0.78125 0.2546875 0.76875 0.275
0 0.69375 0.2609375 0.690625 0.3109375 0.6796875 0.3421875 0.728125 0.3421875 0.7359375 0.31875 0.7359375 0.2625 0.725 0.2546875 0.7 0.2546875 0.69375 0.2609375
0 0.0046875 0.16875 0 0.1734375 0 0.2125 0.00625 0.2328125 0 0.240625 0 0.290625 0.00625 0.3046875 0.0109375 0.3015625 0.03125 0.30625 0.0390625 0.2984375 0.075 0.2859375 0.096875 0.2265625 0.0921875 0.2171875 0.09375 0.1890625 0.084375 0.1734375 0.06875 0.16875 0.03125 0.1640625 0.0046875 0.16875
0 0.975 0.31875 0.96875 0.3640625 0.9796875 0.3796875 0.9984375 0.38125 0.9984375 0.278125 0.9890625 0.28125 0.975 0.31875
0 0.2703125 0.8953125 0.26875 0.9125 0.2609375 0.9265625 0.2609375 0.9453125 0.2671875 0.9515625 0.2703125 0.9671875 0.278125 0.975 0.2859375 0.975 0.3 0.9421875 0.30625 0.9078125 0.321875 0.875 0.3265625 0.846875 0.3234375 0.8328125 0.3125 0.83125 0.2859375 0.8546875 0.278125 0.884375 0.2703125 0.8953125
0 0.975 0.35 0.975 0.375 0.9796875 0.3796875 0.9984375 0.38125 0.9984375 0.3296875 0.9890625 0.33125 0.9875 0.3390625 0.975 0.35
0 0.45 0.9265625 0.44375 0.940625 0.45 0.971875 0.4484375 0.9921875 0.45625 0.9984375 0.5140625 0.9984375 0.5171875 0.9921875 0.50625 0.9796875 0.503125 0.9640625 0.484375 0.9359375 0.4671875 0.925 0.45 0.9265625
0 0.9875 0.9921875 0.98125 0.9921875 0.9875 0.9921875
0 0.9734375 0.5671875 0.975 0.59375 0.9796875 0.6015625 0.9984375 0.603125 0.9984375 0.5671875 0.9921875 0.5625 0.978125 0.5625 0.9734375 0.5671875
0 0.0765625 0.859375 0.0703125 0.875 0.08125 0.909375 0.125 0.91875 0.1421875 0.9125 0.1421875 0.8859375 0.1296875 0.8671875 0.0890625 0.85625 0.0765625 0.859375
0 0.1328125 0.19375 0.125 0.2015625 0.125 0.2109375 0.1625 0.26875 0.1890625 0.2796875 0.2171875 0.2734375 0.2171875 0.2515625 0.2015625 0.2390625 0.1921875 0.20625 0.1796875 0.1921875 0.1546875 0.1890625 0.1328125 0.19375
0 0.9984375 0 0.984375 0 0.9953125 0.01875 0.9984375 0
0 0.80625 0.95625 0.8015625 0.9609375 0.8046875 0.9984375 0.8734375 0.9984375 0.8734375 0.9875 0.859375 0.96875 0.8421875 0.9609375 0.80625 0.95625
0 0.1 0.2125 0.1 0.259375 0.09375 0.2703125 0.09375 0.28125 0.1 0.2859375 0.19375 0.2859375 0.215625 0.28125 0.21875 0.2515625 0.2 0.234375 0.1875 0.1953125 0.1671875 0.1875 0.1125 0.1953125 0.1 0.2125
0 0.9796875 0.934375 0.9609375 0.990625 0.9640625 0.9984375 0.9875 0.9984375 0.9984375 0.9875 0.9984375 0.9296875 0.9875 0.9265625 0.9796875 0.934375
0 0.4640625 0.9828125 0.45625 0.9921875 0.4578125 0.9984375 0.5140625 0.9984375 0.5125 0.9875 0.5 0.975 0.4734375 0.9734375 0.4640625 0.9828125
0 0.6859375 0 0.6828125 0.0203125 0.6890625 0.04375 0.7 0.0484375 0.7359375 0.046875 0.7390625 0 0.6859375 0