0 0.4984375 0.2390625 0.5 0.29375 0.509375 0.3015625 0.50625 0.30625 0.5125 0.3125 0.534375 0.3109375 0.5375 0.3171875 0.53125 0.3234375 0.5375 0.325 0.5375 0.33125 0.5890625 0.321875 0.634375 0.3296875 0.6515625 0.31875 0.6734375 0.3171875 0.6859375 0.3109375 0.6984375 0.2875 0.6984375 0.2703125 0.7046875 0.2609375 0.7109375 0.2296875 0.70625 0.21875 0.6921875 0.2125 0.6890625 0.2171875 0.6609375 0.21875 0.6296875 0.2109375 0.5484375 0.2125 0.5265625 0.2234375 0.50625 0.2265625 0.4984375 0.2390625
0 0.3015625 0.96875 0.29375 0.9984375 0.3671875 0.9984375 0.3609375 0.9734375 0.3484375 0.9640625 0.3109375 0.9609375 0.3015625 0.96875
0 0.00625 0.1921875 0 0.1953125 0 0.225 0.00625 0.2421875 0.025 0.2671875 0.03125 0.290625 0.0671875 0.3125 0.096875 0.309375 0.1046875 0.296875 0.1046875 0.28125 0.0609375 0.2046875 0.0421875 0.1875 0.00625 0.1921875
0 0.434375 0.2109375 0.43125 0.2296875 0.4375 0.2359375 0.4609375 0.2375 0.475 0.246875 0.49375 0.234375 0.49375 0.225 0.4734375 0.2125 0.446875 0.20625 0.434375 0.2109375
0 0.9265625 0.1125 0.9265625 0.1359375 0.940625 0.1609375 0.9421875 0.18125 0.95 0.1875 0.96875 0.1859375 0.9734375 0.1625 0.9625 0.159375 0.9484375 0.125 0.9265625 0.1125
0 0.003125 0 0 0.0234375 0.0046875 0.03125 0.0546875 0.0375 0.0609375 0.0421875 0.0859375 0.0359375 0.09375 0.028125 0.1015625 0.0046875 0.1 0 0.003125 0
0 0.30625 0.725 0.3015625 0.7375 0.3171875 0.759375 0.33125 0.76875 0.34375 0.7703125 0.340625 0.74375 0.3234375 0.725 0.30625 0.725
0 0.0046875 0.5765625 0 0.5765625 0 0.6515625 0.0203125 0.625 0.01875 0.5875 0.0046875 0.5765625
0 0.1359375 0.2609375 0.1328125 0.26875 0.1578125 0.3171875 0.190625 0.3234375 0.2125 0.3125 0.2125 0.2921875 0.1953125 0.278125 0.178125 0.2546875 0.15625 0.2515625 0.1359375 0.2609375
0 0.5625 0.79375 0.55625 0.8 0.5578125 0.8171875 0.584375 0.825 0.5859375 0.8 0.578125 0.7921875 0.5625 0.79375
0 0.2296875 0.23125 0.2265625 0.24375 0.2359375 0.2546875 0.24375 0.2859375 0.2640625 0.3171875 0.28125 0.321875 0.321875 0.3109375 0.3171875 0.2921875 0.3046875 0.2765625 0.2921875 0.24375 0.275 0.2265625 0.2546875 0.2234375 0.2296875 0.23125
0 0.8046875 0.28125 0.8 0.2859375 0.8 0.309375 0.8046875 0.31875 0.8078125 0.3671875 0.8265625 0.3921875 0.8640625 0.39375 0.8734375 0.3859375 0.8671875 0.2921875 0.859375 0.2828125 0.84375 0.278125 0.8046875 0.28125
0 0.1078125 0.2140625 0.10625 0.2203125 0.115625 0.23125 0.125 0.259375 0.15625 0.3171875 0.1734375 0.3234375 0.1921875 0.3234375 0.215625 0.3125 0.21875 0.29375 0.1546875 0.20625 0.125 0.2046875 0.1078125 0.2140625
0 0.4359375 0.2140625 0.43125 0.23125 0.4484375 0.2515625 0.4484375 0.2609375 0.4796875 0.3140625 0.4875 0.3421875 0.50625 0.3625 0.5421875 0.375 0.609375 0.371875 0.65 0.3265625 0.675 0.3171875 0.6921875 0.3046875 0.7140625 0.2421875 0.7109375 0.2171875 0.70625 0.2125 0.5671875 0.2109375 0.55 0.2046875 0.5453125 0.2109375 0.5171875 0.21875 0.5078125 0.209375 0.503125 0.2125 0.496875 0.2 0.490625 0.2109375 0.4796875 0.20625 0.471875 0.2125 0.4359375 0.2140625
0 0.4984375 0.071875 0.5 0.1046875 0.5234375 0.1015625 0.5671875 0.10625 0.5734375 0.1109375 0.6359375 0.1109375 0.6421875 0.1 0.6515625 0.0515625 0.6671875 0.034375 0.675 0.0140625 0.6734375 0.0046875 0.665625 0 0.5234375 0 0.51875 0.0046875 0.5234375 0.0078125 0.51875 0.028125 0.5109375 0.0375 0.4984375 0.071875
0 0.3484375 0.2375 0.340625 0.24375 0.34375 0.26875 0.375 0.3140625 0.3890625 0.3484375 0.4125 0.3625 0.44375 0.3625 0.4515625 0.353125 0.446875 0.3171875 0.40625 0.25625 0.403125 0.24375 0.39375 0.234375 0.38125 0.23125 0.3484375 0.2375