0 0.01875 0.0125 0 0.0125 0 0.0734375 0.04375 0.0796875 0.0578125 0.0671875 0.0546875 0.0296875 0.046875 0.0203125 0.01875 0.0125
0 0.53125 0.94375 0.53125 0.96875 0.5421875 0.9859375 0.6234375 0.99375 0.6296875 0.9984375 0.675 0.99375 0.6796875 0.9875 0.6796875 0.9578125 0.6625 0.9484375 0.5640625 0.9296875 0.5421875 0.93125 0.53125 0.94375
0 0.2 0.053125 0.1953125 0.0765625 0.2203125 0.0984375 0.25625 0.096875 0.2625 0.0546875 0.234375 0.05 0.2 0.053125
0 0.15625 0.309375 0.1546875 0.325 0.1734375 0.34375 0.1875 0.3421875 0.203125 0.33125 0.2203125 0.353125 0.2359375 0.353125 0.2484375 0.3484375 0.2546875 0.3375 0.2546875 0.321875 0.2375 0.3109375 0.2046875 0.309375 0.1875 0.3 0.1625 0.3015625 0.15625 0.309375
0 0.1109375 0.425 0.10625 0.4265625 0.1125 0.43125 0.1109375 0.4359375 0.115625 0.4359375 0.1109375 0.425
0 0.0359375 0.3546875 0.04375 0.39375 0.0609375 0.4046875 0.1921875 0.425 0.20625 0.421875 0.2234375 0.3984375 0.2234375 0.3796875 0.2046875 0.36875 0.1625 0.36875 0.1546875 0.3625 0.1109375 0.3609375 0.10625 0.35625 0.0703125 0.35 0.0421875 0.35 0.0359375 0.3546875
0 0.2125 0.3171875 0.2125 0.340625 0.21875 0.35 0.2359375 0.353125 0.2484375 0.3484375 0.2546875 0.3375 0.2546875 0.321875 0.246875 0.3140625 0.2296875 0.309375 0.2125 0.3171875
0 0.06015625 0.23046875 0.0046875 0.0015625
0 0.0171875 0.13125 0 0.13125 0 0.2 0.1015625 0.21875 0.1109375 0.2125 0.1109375 0.1875 0.0921875 0.1484375 0.084375 0.1421875 0.0171875 0.13125
0 0.1984375 0.05625 0.1953125 0.075 0.2203125 0.0984375 0.2609375 0.1 0.31875 0.1203125 0.3609375 0.1171875 0.3640625 0.1125 0.353125 0.0796875 0.3421875 0.06875 0.3015625 0.05 0.284375 0.0546875 0.20625 0.05 0.1984375 0.05625
0 0.1546875 0.3140625 0.153125 0.3234375 0.1734375 0.34375 0.190625 0.3390625 0.2 0.3171875 0.1984375 0.309375 0.1859375 0.3 0.1640625 0.3015625 0.15625 0.30625 0.1546875 0.3140625
0 0.5515625 0.3125 0.55 0.33125 0.55625 0.3453125 0.603125 0.3546875 0.5984375 0.3234375 0.5671875 0.3125 0.5515625 0.3125