0 0.9171875 0.51875 0.9125 0.5375 0.9375 0.5609375 0.9734375 0.565625 0.9984375 0.5546875 0.9984375 0.5 0.9609375 0.5 0.9359375 0.50625 0.9171875 0.51875
0 0.834375 0.7828125 0.8328125 0.7984375 0.8546875 0.81875 0.909375 0.8375 0.9578125 0.8609375 0.9875 0.8546875 0.9984375 0.8359375 0.9921875 0.8234375 0.9796875 0.821875 0.9578125 0.8046875 0.9171875 0.790625 0.8875 0.7734375 0.85 0.7703125 0.834375 0.7828125
0 0.98828125 0.98671875 0.0015625 0.0015625
0 0.7015625 0.884375 0.7015625 0.89375 0.7140625 0.90625 0.73125 0.9171875 0.771875 0.93125 0.7921875 0.946875 0.7921875 0.9609375 0.7859375 0.9640625 0.78125 0.9796875 0.8 0.9984375 0.84375 0.9984375 0.846875 0.99375 0.85 0.9984375 0.85625 0.99375 0.86875 0.99375 0.8703125 0.9984375 0.89375 0.99375 0.9265625 0.9984375 0.93125 0.99375 0.9484375 0.99375 0.9515625 0.9875 0.9921875 0.9921875 0.9796875 0.984375 0.98125 0.9609375 0.9734375 0.95 0.8921875 0.9125 0.8546875 0.9 0.821875 0.909375 0.7921875 0.8859375 0.7328125 0.8671875 0.7078125 0.875 0.7015625 0.884375
0 0.1609375 0.89375 0.15625 0.90625 0.1734375 0.921875 0.2546875 0.96875 0.275 0.9671875 0.296875 0.946875 0.3015625 0.9296875 0.3234375 0.925 0.3421875 0.9046875 0.33125 0.8859375 0.2546875 0.84375 0.2296875 0.84375 0.2171875 0.85 0.2015625 0.8671875 0.1921875 0.8703125 0.1859375 0.88125 0.1609375 0.89375
0 0.1578125 0.896875 0.1578125 0.9109375 0.2515625 0.96875 0.278125 0.9671875 0.2921875 0.9546875 0.296875 0.94375 0.2953125 0.93125 0.215625 0.8859375 0.18125 0.88125 0.1578125 0.896875
0 0.203125 0.871875 0.2015625 0.8796875 0.209375 0.884375 0.259375 0.90625 0.2859375 0.9234375 0.309375 0.9296875 0.3265625 0.921875 0.3421875 0.90625 0.340625 0.8953125 0.33125 0.8859375 0.2515625 0.84375 0.23125 0.84375 0.21875 0.85 0.203125 0.871875
0 0.78125 0.9671875 0.78125 0.9875 0.7921875 0.9984375 0.9109375 0.9984375 0.9046875 0.9875 0.8703125 0.978125 0.859375 0.96875 0.828125 0.95625 0.8015625 0.9515625 0.7875 0.9578125 0.78125 0.9671875
0 0.0109375 0.85 0 0.853125 0 0.925 0.034375 0.909375 0.0578125 0.8859375 0.0546875 0.875 0.03125 0.8546875 0.0109375 0.85
0 0.825 0.9125 0.8234375 0.9359375 0.8328125 0.9453125 0.85 0.95625 0.875 0.9609375 0.8828125 0.9703125 0.9125 0.984375 0.9421875 0.9875 0.96875 0.978125 0.9796875 0.96875 0.9796875 0.95625 0.9734375 0.95 0.9359375 0.9296875 0.909375 0.9234375 0.8609375 0.9015625 0.84375 0.9 0.825 0.9125
0 0.7078125 0.875 0.7 0.89375 0.7296875 0.9171875 0.7578125 0.925 0.7921875 0.9421875 0.803125 0.9421875 0.821875 0.9265625 0.821875 0.90625 0.7953125 0.8875 0.7375 0.8671875 0.725 0.8671875 0.7078125 0.875
0 0.85 0.5890625 0.84375 0.6046875 0.8546875 0.6234375 0.86875 0.6359375 0.8828125 0.6375 0.9140625 0.625 0.9515625 0.6171875 0.9796875 0.5828125 0.9796875 0.571875 0.9703125 0.5671875 0.921875 0.56875 0.85 0.5890625
0 0.2359375 0.496875 0.23125 0.5140625 0.25 0.53125 0.26875 0.53125 0.3046875 0.5046875 0.30625 0.4875 0.2921875 0.4734375 0.2625 0.4734375 0.2359375 0.496875