0 0.97734375 0.796875 0.0453125 0.034375
0 0 0.6484375 0.01875 0.65 0.0296875 0.659375 0.040625 0.6796875 0.0421875 0.6890625 0.05 0.6984375 0.0546875 0.709375 0.0546875 0.71875 0.05 0.7234375 0.025 0.73125 0 0.7359375 0 0.65
0 0.3875 0.7890625 0.39375 0.7921875 0.4203125 0.7953125 0.446875 0.803125 0.4625 0.815625 0.46875 0.825 0.4703125 0.85 0.4640625 0.859375 0.4515625 0.8640625 0.4375 0.8640625 0.421875 0.85625 0.4109375 0.85625 0.3515625 0.8421875 0.3359375 0.8421875 0.325 0.8375 0.3125 0.8265625 0.309375 0.8203125 0.3078125 0.8078125 0.3140625 0.8 0.3296875 0.7890625 0.340625 0.7859375 0.3703125 0.7859375 0.3859375 0.7890625
0 0.9578125 0.7859375 0.9734375 0.7796875 0.9984375 0.78125 0.9984375 0.8328125 0.9875 0.834375 0.975 0.8328125 0.9734375 0.8171875 0.9703125 0.8140625 0.9625 0.8140625 0.9546875 0.809375 0.9546875 0.7921875 0.9578125 0.7875
0 0.9828125 0.8984375 0.9984375 0.9015625 0.9984375 0.9734375 0.9703125 0.9703125 0.959375 0.9625 0.9515625 0.95 0.953125 0.9125 0.95625 0.90625 0.9625 0.8984375 0.971875 0.896875 0.98125 0.8984375
0 0.41875 0.7234375 0.4265625 0.7265625 0.4671875 0.7265625 0.484375 0.7328125 0.509375 0.7328125 0.521875 0.7375 0.5234375 0.753125 0.521875 0.7546875 0.521875 0.7703125 0.51875 0.775 0.5109375 0.775 0.5 0.7625 0.49375 0.7640625 0.490625 0.7625 0.478125 0.7734375 0.471875 0.7828125 0.465625 0.784375 0.459375 0.7828125 0.453125 0.7765625 0.4484375 0.775 0.4328125 0.7796875 0.4125 0.7765625 0.3984375 0.7671875 0.3828125 0.765625 0.3734375 0.7578125 0.3671875 0.7421875 0.3671875 0.728125 0.3703125 0.7234375 0.378125 0.7203125 0.4046875 0.7203125 0.4171875 0.7234375
0 0.9984375 0.8390625 0.9984375 0.896875 0.9765625 0.89375 0.965625 0.88125 0.9640625 0.8765625 0.9640625 0.85625 0.971875 0.84375 0.9796875 0.840625 0.996875 0.8390625
0 0.053125 0.6953125 0.05625 0.69375 0.075 0.6953125 0.08125 0.6984375 0.0953125 0.7234375 0.1109375 0.74375 0.121875 0.765625 0.121875 0.7734375 0.1171875 0.778125 0.09375 0.7890625 0.0546875 0.7984375 0.0109375 0.8140625 0 0.815625 0 0.7359375 0.00625 0.7328125 0.0265625 0.73125 0.034375 0.7265625 0.040625 0.7265625 0.053125 0.721875 0.0546875 0.7203125 0.053125 0.696875
0 0.3515625 0.975 0.4015625 0.9859375 0.4078125 0.9921875 0.40625 0.9984375 0.2453125 0.9984375 0.24375 0.9921875 0.2484375 0.984375 0.2578125 0.9765625 0.2703125 0.971875 0.325 0.971875 0.35 0.975
0 0.3078125 0.8484375 0.309375 0.85 0.31875 0.8484375 0.334375 0.85 0.3390625 0.853125 0.3609375 0.8546875 0.365625 0.8578125 0.375 0.85625 0.3765625 0.859375 0.38125 0.8578125 0.390625 0.8578125 0.39375 0.8609375 0.4125 0.859375 0.43125 0.865625 0.434375 0.871875 0.4390625 0.8765625 0.446875 0.8796875 0.4578125 0.8921875 0.4640625 0.903125 0.4640625 0.9109375 0.446875 0.928125 0.428125 0.934375 0.3859375 0.9296875 0.36875 0.9234375 0.3390625 0.9171875 0.33125 0.9140625 0.3203125 0.903125 0.303125 0.8953125 0.2953125 0.8859375 0.2890625 0.8640625 0.2984375 0.8515625 0.30625 0.8484375
0 0.496875 0.2796875 0.5640625 0.2875 0.5765625 0.2921875 0.584375 0.3015625 0.584375 0.3109375 0.571875 0.3203125 0.56875 0.334375 0.5640625 0.3390625 0.55625 0.3421875 0.525 0.34375 0.509375 0.3484375 0.459375 0.3328125 0.4375 0.3296875 0.421875 0.309375 0.425 0.2921875 0.4359375 0.284375 0.45 0.2796875 0.4953125 0.2796875