0 0.8796875 0.3484375 0.8796875 0.3609375 0.8984375 0.375 0.9265625 0.3734375 0.9421875 0.384375 0.9984375 0.3984375 0.9984375 0.3171875 0.9921875 0.3140625 0.971875 0.3234375 0.9515625 0.325 0.940625 0.3125 0.9125 0.3125 0.8796875 0.3484375
0 0.4390625 0.2546875 0.425 0.26875 0.425 0.275 0.4375 0.2859375 0.4578125 0.290625 0.475 0.26875 0.475 0.2625 0.4578125 0.2515625 0.4390625 0.2546875
0 0.35625 0.225 0.35 0.240625 0.365625 0.2484375 0.3734375 0.2609375 0.4046875 0.2640625 0.40625 0.2515625 0.4171875 0.240625 0.4125 0.23125 0.3890625 0.2234375 0.371875 0.2203125 0.35625 0.225
0 0.371875 0.23125 0.36875 0.25625 0.3734375 0.2609375 0.39375 0.2609375 0.4125 0.2375 0.40625 0.23125 0.371875 0.23125
0 0.0078125 0.0375 0 0.0375 0 0.0875 0.040625 0.1 0.0625 0.115625 0.084375 0.1203125 0.1078125 0.1203125 0.1234375 0.1046875 0.125 0.0859375 0.10625 0.0703125 0.0078125 0.0375
0 0.35 0.23125 0.35 0.240625 0.365625 0.25 0.3734375 0.2609375 0.409375 0.26875 0.4375 0.290625 0.4734375 0.3 0.5 0.2984375 0.5109375 0.2921875 0.5109375 0.2640625 0.496875 0.25 0.434375 0.2234375 0.3796875 0.2125 0.35 0.23125
0 0.3734375 0.1578125 0.36875 0.1734375 0.375 0.184375 0.4 0.1984375 0.4734375 0.2234375 0.50625 0.2171875 0.5125 0.209375 0.5078125 0.1890625 0.4671875 0.1640625 0.403125 0.146875 0.38125 0.15 0.3734375 0.1578125
0 0.4703125 0.275 0.4625 0.2921875 0.4734375 0.3 0.4875 0.3 0.5109375 0.28125 0.5109375 0.26875 0.5015625 0.259375 0.4890625 0.2609375 0.4703125 0.275
0 0.31875 0.9875 0.30625 0.9921875 0.3234375 0.99375 0.31875 0.9875
0 0.0421875 0.84375 0.0234375 0.878125 0 0.8984375 0 0.99375 0.0046875 0.9984375 0.0671875 0.9984375 0.06875 0.9921875 0.075 0.9984375 0.1890625 0.9984375 0.1921875 0.99375 0.215625 0.99375 0.21875 0.9984375 0.2265625 0.9875 0.23125 0.9890625 0.2296875 0.99375 0.2359375 0.9875 0.2421875 0.9890625 0.240625 0.9984375 0.25 0.99375 0.25 0.9875 0.259375 0.9953125 0.2609375 0.9875 0.26875 0.9875 0.27109375 0.99375 0.2859375 0.9921875 0.2734375 0.9890625 0.26875 0.971875 0.275 0.971875 0.26875 0.965625 0.278125 0.9609375 0.3 0.9609375 0.340625 0.9296875 0.375 0.871875 0.4109375 0.8421875 0.4125 0.825 0.3359375 0.7875 0.271875 0.76875 0.2515625 0.75625 0.225 0.75 0.1890625 0.75 0.13125 0.759375 0.1203125 0.7734375 0.1171875 0.7703125 0.1078125 0.7875 0.09375 0.79375 0.0875 0.8046875 0.075 0.8125 0.071875 0.825 0.0546875 0.83125 0.0421875 0.84375
0 0.95 0.328125 0.9484375 0.3671875 0.940625 0.3796875 0.95 0.3859375 0.9703125 0.3875 0.984375 0.4 0.9984375 0.4 0.9984375 0.3171875 0.9875 0.3140625 0.95 0.328125
0 0.88125 0.3453125 0.88125 0.3625 0.8953125 0.3734375 0.9171875 0.375 0.94375 0.35 0.9484375 0.31875 0.940625 0.3125 0.9125 0.3125 0.88125 0.3453125