0 0.1265625 0.984375 0.125 0.9984375 0.34375 0.9984375 0.340625 0.9921875 0.2734375 0.9640625 0.2515625 0.9578125 0.21875 0.9609375 0.184375 0.94375 0.15 0.946875 0.1265625 0.984375
0 0.7296875 0.2125 0.7109375 0.225 0.725 0.2359375 0.7359375 0.2359375 0.7609375 0.25 0.803125 0.25 0.8125 0.2609375 0.81875 0.2609375 0.8359375 0.246875 0.8296875 0.2375 0.815625 0.2359375 0.7609375 0.2125 0.7296875 0.2125
0 0.1203125 0.5171875 0.11875 0.53125 0.125 0.55 0.1375 0.55625 0.2 0.5609375 0.215625 0.5546875 0.271875 0.55625 0.2828125 0.55 0.2828125 0.5421875 0.26875 0.5234375 0.26875 0.5125 0.2609375 0.50625 0.1375 0.50625 0.1203125 0.5171875
0 0.00625 0.71875 0 0.71875 0 0.7859375 0.0046875 0.784375 0.01875 0.7984375 0.0578125 0.8171875 0.084375 0.8125 0.1 0.8 0.1015625 0.78125 0.0921875 0.76875 0.00625 0.71875
0 0.1890625 0.45625 0.1875 0.46875 0.2 0.4921875 0.20625 0.4984375 0.23125 0.5046875 0.26875 0.5046875 0.275 0.49375 0.3046875 0.4921875 0.3203125 0.4734375 0.3375 0.4734375 0.340625 0.46875 0.3375 0.4546875 0.3265625 0.44375 0.2796875 0.4375 0.2109375 0.44375 0.1890625 0.45625
0 0.1265625 0.98125 0.125 0.9984375 0.1984375 0.9984375 0.215625 0.9609375 0.203125 0.95 0.1859375 0.94375 0.153125 0.94375 0.1265625 0.98125
0 0.4625 0.496875 0.45625 0.5109375 0.4703125 0.5234375 0.534375 0.546875 0.5640625 0.55 0.5859375 0.5296875 0.5828125 0.5109375 0.5765625 0.50625 0.515625 0.4796875 0.48125 0.4796875 0.4625 0.496875
0 0.00625 0.9015625 0 0.915625 0 0.9375 0.00625 0.94375 0.0171875 0.9484375 0.0609375 0.9484375 0.0625 0.940625 0.084375 0.921875 0.0921875 0.90625 0.0859375 0.896875 0.1078125 0.8859375 0.1109375 0.89375 0.1296875 0.8859375 0.1296875 0.86875 0.09375 0.84375 0.075 0.84375 0.00625 0.9015625
0 0.20625 0.3296875 0.2 0.34375 0.21875 0.353125 0.2296875 0.353125 0.2859375 0.3046875 0.3 0.2859375 0.3 0.275 0.2859375 0.2640625 0.26875 0.2625 0.20625 0.3296875
0 0.0703125 0.5796875 0.06875 0.6046875 0.1 0.6125 0.2203125 0.6171875 0.24375 0.6 0.2421875 0.5859375 0.2265625 0.56875 0.2125 0.5625 0.184375 0.5625 0.1734375 0.5578125 0.09375 0.5546875 0.075 0.56875 0.0703125 0.5796875
0 0.2921875 0.34375 0.290625 0.365625 0.30625 0.384375 0.3671875 0.3859375 0.384375 0.39375 0.428125 0.39375 0.45 0.3671875 0.4484375 0.3453125 0.425 0.3375 0.340625 0.3328125 0.3015625 0.3359375 0.2921875 0.34375
0 0.6375 0.2875 0.6359375 0.30625 0.625 0.3171875 0.628125 0.3265625 0.6609375 0.33125 0.7234375 0.35625 0.7734375 0.3546875 0.7984375 0.3421875 0.8 0.31875 0.7921875 0.309375 0.7765625 0.3046875 0.7640625 0.29375 0.7375 0.29375 0.7234375 0.28125 0.675 0.26875 0.6625 0.26875 0.6375 0.2875
0 0.54375 0.3640625 0.53125 0.3765625 0.53125 0.403125 0.55 0.415625 0.6046875 0.4375 0.6234375 0.4390625 0.6375 0.45 0.6703125 0.4484375 0.6796875 0.4375 0.6796875 0.4109375 0.65625 0.3890625 0.625 0.3765625 0.5875 0.371875 0.571875 0.3625 0.54375 0.3640625
0 0.48125 0.44375 0.4796875 0.45625 0.4875 0.4671875 0.5859375 0.50625 0.6171875 0.503125 0.6359375 0.484375 0.6359375 0.475 0.625 0.4625 0.5796875 0.4375 0.5296875 0.41875 0.5 0.4265625 0.48125 0.44375
0 0.2 0.990625 0.1984375 0.9984375 0.3356765625 0.9984375 0.3359375 0.9921875 0.34375 0.9984375 0.340625 0.9921875 0.31875 0.9859375 0.3125 0.9796875 0.2515625 0.9578125 0.2203125 0.9625 0.2 0.990625
0 0.35625 0.2828125 0.35625 0.30625 0.371875 0.3234375 0.4875 0.3328125 0.5 0.33125 0.5109375 0.321875 0.5109375 0.3015625 0.49375 0.28125 0.3859375 0.275 0.35625 0.2828125
0 0.4125 0.2125 0.4109375 0.221875 0.41875 0.24375 0.4375 0.2609375 0.5625 0.25625 0.5703125 0.253125 0.5765625 0.2359375 0.5703125 0.2171875 0.5546875 0.20625 0.53125 0.2015625 0.45625 0.2 0.425 0.2046875 0.4125 0.2125
0 0.696875 0.2328125 0.6796875 0.2515625 0.6828125 0.26875 0.725 0.28125 0.740625 0.28125 0.7875 0.3 0.8125 0.3 0.8265625 0.2828125 0.8265625 0.26875 0.8125 0.25 0.7546875 0.23125 0.7375 0.21875 0.73125 0.2234375 0.7234375 0.2203125 0.7078125 0.225 0.696875 0.2328125
0 0.5890625 0.34375 0.58125 0.359375 0.5859375 0.36875 0.6296875 0.3765625 0.659375 0.3890625 0.6796875 0.40625 0.7109375 0.4109375 0.728125 0.40625 0.7421875 0.3921875 0.7375 0.3765625 0.7234375 0.3625 0.6890625 0.34375 0.66875 0.340625 0.65625 0.33125 0.6125 0.325 0.5890625 0.34375
0 0.5984375 0.03125 0.6 0.05625 0.6171875 0.075 0.734375 0.0671875 0.7546875 0.0609375 0.7640625 0.0515625 0.759375 0.0296875 0.7375 0.0125 0.6765625 0.0140625 0.5984375 0.03125
0 0.2375 0.375 0.2375 0.40625 0.2609375 0.4375 0.3234375 0.44375 0.359375 0.4421875 0.3765625 0.4328125 0.3890625 0.4046875 0.3875 0.39375 0.36875 0.3859375 0.3015625 0.384375 0.2921875 0.36875 0.2484375 0.3671875 0.2375 0.375