0 0.7796875 0.15 0.7765625 0.1609375 0.784375 0.16875 0.79375 0.2 0.84375 0.2109375 0.853125 0.2109375 0.8625 0.2015625 0.86875 0.18125 0.86875 0.16875 0.8625 0.1640625 0.853125 0.16875 0.8421875 0.1640625 0.83125 0.1671875 0.8 0.15 0.7796875 0.15
0 0.2984375 0.7125 0.2921875 0.725 0.29375 0.7421875 0.3140625 0.7546875 0.3828125 0.7625 0.4171875 0.7734375 0.4421875 0.74375 0.4390625 0.7296875 0.4296875 0.71875 0.4171875 0.7140625 0.3453125 0.70625 0.3234375 0.6984375 0.3109375 0.6984375 0.2984375 0.7125
0 0.2609375 0.8625 0.2546875 0.86875 0.2546875 0.8796875 0.2703125 0.89375 0.2859375 0.9 0.3015625 0.9171875 0.3125 0.921875 0.340625 0.921875 0.34375 0.9171875 0.375 0.9296875 0.3921875 0.9296875 0.39375 0.91875 0.3859375 0.9078125 0.3796875 0.875 0.3734375 0.8703125 0.303125 0.853125 0.2796875 0.8546875 0.2609375 0.8625
0 0.6453125 0.5625 0.64375 0.6046875 0.6484375 0.609375 0.6703125 0.6125 0.696875 0.60625 0.70625 0.6 0.7078125 0.5859375 0.7171875 0.5734375 0.721875 0.5359375 0.70625 0.5203125 0.66875 0.51875 0.6453125 0.5625
0 0.1921875 0.0890625 0.184375 0.1015625 0.1875 0.1171875 0.2203125 0.1265625 0.240625 0.1234375 0.240625 0.109375 0.23125 0.0921875 0.215625 0.0859375 0.1921875 0.0890625
0 0.8 0.1 0.7921875 0.1078125 0.7921875 0.1171875 0.809375 0.14375 0.8234375 0.153125 0.8578125 0.146875 0.8625 0.1265625 0.8546875 0.109375 0.8 0.1
0 0.025 0.0125 0.0203125 0.03125 0.0359375 0.059375 0.0671875 0.0796875 0.0859375 0.0984375 0.096875 0.0984375 0.096875 0.0484375 0.1 0.0265625 0.10625 0.01875 0.10625 0 0.075 0 0.0671875 0.00625 0.0375 0.00625 0.025 0.0125
0 0.003125 0.7203125 0.003125 0.76875 0.0609375 0.78125 0.0671875 0.790625 0.0671875 0.7859375 0.0796875 0.7875 0.0984375 0.771875 0.1 0.7625 0.09375 0.75625 0.096875 0.734375 0.0921875 0.725 0.0859375 0.725 0.0734375 0.7125 0.0296875 0.7109375 0.0203125 0.71875 0.003125 0.7203125
0 0.253125 0.14375 0.25625 0.1734375 0.26875 0.1921875 0.3046875 0.1921875 0.31875 0.1984375 0.3296875 0.1984375 0.3375 0.1921875 0.3375 0.1734375 0.3234375 0.15 0.303125 0.1421875 0.253125 0.14375
0 0.30625 0.6515625 0.3046875 0.678125 0.3234375 0.69375 0.3234375 0.6984375 0.4390625 0.7171875 0.4546875 0.7109375 0.4609375 0.696875 0.45625 0.6671875 0.421875 0.65 0.346875 0.6359375 0.325 0.6359375 0.30625 0.6515625
0 0.2046875 0.04375 0.2 0.0671875 0.2375 0.0796875 0.25 0.0796875 0.2546875 0.075 0.2546875 0.05 0.2421875 0.03125 0.21875 0.025 0.2046875 0.04375
0 0.3171875 0.7609375 0.3109375 0.7875 0.296875 0.8046875 0.315625 0.80625 0.3328125 0.8171875 0.365625 0.8125 0.4015625 0.81875 0.415625 0.8125 0.4171875 0.7734375 0.3890625 0.76875 0.384375 0.7640625 0.3171875 0.7609375
0 0.65 0.1890625 0.64375 0.1953125 0.6453125 0.209375 0.6609375 0.23125 0.6765625 0.24375 0.734375 0.246875 0.7375 0.225 0.721875 0.2015625 0.70625 0.1953125 0.65 0.1890625