0 0.046875 0.3640625 0.05 0.3671875 0.05 0.378125 0.0421875 0.3921875 0.040625 0.409375 0.028125 0.4125 0.0171875 0.4109375 0.0078125 0.403125 0.00625 0.396875 0.0078125 0.3671875 0.01875 0.3609375 0.0390625 0.3609375 0.0453125 0.3640625
0 0.2484375 0.784375 0.2640625 0.7875 0.2796875 0.8 0.3125 0.85625 0.3265625 0.875 0.334375 0.89375 0.334375 0.8984375 0.3375 0.9015625 0.3390625 0.9109375 0.33125 0.9234375 0.3203125 0.9265625 0.2921875 0.9265625 0.290625 0.928125 0.28125 0.9265625 0.26875 0.9203125 0.2515625 0.896875 0.246875 0.8828125 0.2375 0.8671875 0.234375 0.846875 0.2171875 0.809375 0.2171875 0.8015625 0.225 0.7921875 0.2328125 0.7875 0.246875 0.784375
0 0.1078125 0.7828125 0.14375 0.790625 0.1546875 0.7953125 0.1609375 0.8015625 0.1625 0.815625 0.159375 0.825 0.1578125 0.846875 0.15 0.8515625 0.096875 0.846875 0.06875 0.8390625 0.040625 0.8359375 0.028125 0.8296875 0.01875 0.828125 0.0046875 0.81875 0.003125 0.80625 0.0078125 0.79375 0.0203125 0.7796875 0.0265625 0.7765625 0.075 0.7765625 0.10625 0.7828125
0 0.3421875 0.5875 0.3609375 0.5953125 0.365625 0.6 0.36875 0.6109375 0.365625 0.6515625 0.3609375 0.6640625 0.3578125 0.6828125 0.3265625 0.6984375 0.3078125 0.696875 0.2890625 0.6875 0.2828125 0.6796875 0.2828125 0.6640625 0.2890625 0.6359375 0.2984375 0.61875 0.30625 0.596875 0.3171875 0.5875 0.325 0.5859375 0.340625 0.5875
0 0.04375 0.3625 0.0609375 0.371875 0.1015625 0.3703125 0.109375 0.3734375 0.1234375 0.3859375 0.1375 0.3859375 0.153125 0.3921875 0.1609375 0.4015625 0.1640625 0.4109375 0.1625 0.421875 0.153125 0.428125 0.1328125 0.43125 0.1140625 0.425 0.0859375 0.425 0.04375 0.4109375 0.015625 0.409375 0.009375 0.403125 0.00625 0.39375 0.0078125 0.36875 0.015625 0.3625 0.0421875 0.3625
0 0.7078125 0.4703125 0.746875 0.48125 0.7828125 0.4859375 0.7890625 0.484375 0.8046875 0.4859375 0.8328125 0.49375 0.834375 0.50625 0.8296875 0.5140625 0.8296875 0.5203125 0.825 0.5265625 0.8171875 0.5296875 0.7578125 0.5171875 0.7265625 0.5140625 0.696875 0.5015625 0.68125 0.490625 0.68125 0.4765625 0.690625 0.471875 0.70625 0.4703125
0 0.053125 0.371875 0.0546875 0.3734375 0.0796875 0.3734375 0.09375 0.3703125 0.1046875 0.371875 0.1234375 0.390625 0.125 0.4 0.1234375 0.4109375 0.1171875 0.4203125 0.109375 0.425 0.0859375 0.425 0.071875 0.41875 0.0515625 0.4140625 0.04375 0.409375 0.0421875 0.3953125 0.053125 0.3734375
0 0.4453125 0.6046875 0.4625 0.6125 0.4671875 0.6171875 0.471875 0.628125 0.471875 0.6359375 0.4640625 0.6625 0.459375 0.6671875 0.4515625 0.66875 0.44375 0.6734375 0.440625 0.6984375 0.434375 0.70625 0.428125 0.709375 0.4109375 0.709375 0.3953125 0.703125 0.375 0.6984375 0.3671875 0.6921875 0.365625 0.671875 0.378125 0.6546875 0.3890625 0.6296875 0.409375 0.60625 0.4203125 0.6015625 0.43125 0.6015625 0.44375 0.6046875
0 0 0.15625 0.00625 0.1578125 0.01875 0.1734375 0.03125 0.184375 0.0390625 0.203125 0.0390625 0.209375 0.0328125 0.215625 0.0171875 0.2171875 0 0.215625 0 0.1578125
0 0.534375 0.921875 0.5421875 0.925 0.55 0.9359375 0.5515625 0.9546875 0.54375 0.971875 0.5375 0.99375 0.53125 0.9984375 0.409375 0.9984375 0.409375 0.99375 0.415625 0.9859375 0.41875 0.975 0.434375 0.95625 0.4515625 0.940625 0.478125 0.9296875 0.49375 0.928125 0.4984375 0.925 0.5078125 0.925 0.5109375 0.921875 0.51875 0.9203125 0.5328125 0.921875
0 0.3140625 0.409375 0.31875 0.4125 0.3328125 0.4140625 0.3484375 0.4203125 0.3875 0.4203125 0.3984375 0.4265625 0.41875 0.43125 0.4234375 0.4359375 0.421875 0.4578125 0.41875 0.465625 0.4109375 0.46875 0.3953125 0.46875 0.3828125 0.4640625 0.3546875 0.465625 0.3453125 0.4640625 0.321875 0.4546875 0.3 0.4546875 0.2859375 0.44375 0.284375 0.4375 0.2859375 0.4203125 0.2890625 0.4109375 0.2953125 0.40625 0.3125 0.409375