0 0.5796875 0.9953125 0.5765625 0.9984375 0.625 0.9984375 0.6234375 0.9921875 0.5796875 0.9953125
0 0.375 0.734375 0.36875 0.7546875 0.3890625 0.7796875 0.446875 0.7875 0.46875 0.8 0.4984375 0.8015625 0.5171875 0.796875 0.5234375 0.753125 0.509375 0.7375 0.446875 0.725 0.3921875 0.725 0.375 0.734375
0 0.7734375 0.90625 0.7640625 0.9515625 0.775 0.975 0.8 0.9875 0.83125 0.9796875 0.8421875 0.96875 0.8546875 0.9171875 0.8625 0.9046875 0.8609375 0.8875 0.8515625 0.8734375 0.834375 0.8625 0.8 0.8640625 0.78125 0.8859375 0.7734375 0.90625
0 0.0671875 0 0.028125 0 0.028125 0.00625 0.0421875 0.0296875 0.05625 0.03125 0.065625 0.01875 0.0671875 0
0 0.46875 0.96875 0.43125 0.9875 0.4328125 0.996875 0.46875 0.9984375 0.4890625 0.9875 0.503125 0.9875 0.50625 0.98125 0.503125 0.96875 0.46875 0.96875
0 0.9 0.7671875 0.8984375 0.7796875 0.8890625 0.79375 0.9015625 0.8046875 0.9421875 0.8015625 0.95625 0.7875 0.95625 0.7609375 0.940625 0.75 0.9125 0.75625 0.9 0.7671875
0 0.6046875 0.925 0.60625 0.9546875 0.63125 0.9671875 0.665625 0.9546875 0.671875 0.940625 0.675 0.909375 0.6609375 0.8890625 0.6375 0.8859375 0.6171875 0.8984375 0.6046875 0.925
0 0.003125 0.675 0.003125 0.725 0.06875 0.7375 0.1328125 0.7359375 0.1375 0.73125 0.1375 0.7015625 0.1234375 0.6875 0.08125 0.6765625 0.003125 0.675
0 0.4515625 0.7734375 0.45 0.7890625 0.46875 0.796875 0.50625 0.8 0.51875 0.790625 0.51875 0.7734375 0.4921875 0.7625 0.465625 0.7609375 0.4515625 0.7734375
0 0.78125 0.7296875 0.7765625 0.75 0.7875 0.7703125 0.8 0.7796875 0.83125 0.790625 0.8671875 0.8 0.9296875 0.8046875 0.9421875 0.8015625 0.95625 0.7875 0.95625 0.7625 0.925 0.7390625 0.8984375 0.7375 0.846875 0.725 0.796875 0.7234375 0.78125 0.7296875
0 0.5984375 0.903125 0.596875 0.9375 0.6046875 0.95625 0.6234375 0.9671875 0.6421875 0.9671875 0.6671875 0.95625 0.6796875 0.94375 0.690625 0.875 0.6765625 0.85 0.6625 0.84375 0.63125 0.84375 0.6125 0.8640625 0.5984375 0.903125
0 0.6 0.89375 0.596875 0.9390625 0.60625 0.9609375 0.61875 0.96875 0.6609375 0.96875 0.6671875 0.95625 0.6828125 0.9515625 0.696875 0.9609375 0.765625 0.9609375 0.775 0.975 0.8 0.9875 0.8296875 0.9796875 0.8421875 0.96875 0.8546875 0.9140625 0.8625 0.9015625 0.8609375 0.8875 0.85 0.871875 0.825 0.8609375 0.8015625 0.8625 0.778125 0.8890625 0.7734375 0.8890625 0.7609375 0.8625 0.7234375 0.8546875 0.7046875 0.8671875 0.69375 0.8859375 0.6765625 0.85 0.6609375 0.84375 0.63125 0.84375 0.6125 0.8625 0.6 0.89375
0 0.6875 0.915625 0.6875 0.95 0.7109375 0.9609375 0.7421875 0.9609375 0.753125 0.95625 0.7609375 0.9484375 0.76875 0.921875 0.7703125 0.8890625 0.7609375 0.8625 0.7421875 0.85625 0.71875 0.85625 0.7 0.875 0.6875 0.915625
0 0.5765625 0.9953125 0.575 0.9984375 0.6296875 0.9984375 0.628125 0.9921875 0.5765625 0.9953125
0 0.66875 0.98125 0.6671875 0.9921875 0.671875 0.9984375 0.7078125 0.9984375 0.7046875 0.990625 0.6875 0.9796875 0.66875 0.98125
0 0.5421875 0 0.5421875 0.0171875 0.571875 0.0171875 0.571875 0 0.5421875 0
0 0.5109375 0 0.4578125 0 0.4578125 0.00625 0.465625 0.0125 0.50625 0.0125 0.5109375 0