0 0.5890625 0.6765625 0.653125 0.7046875 0.6890625 0.725 0.6921875 0.73125 0.6921875 0.75 0.6875 0.7578125 0.6703125 0.7671875 0.6546875 0.7671875 0.6421875 0.7625 0.6109375 0.7609375 0.6015625 0.7546875 0.6015625 0.74375 0.5953125 0.7375 0.5734375 0.7265625 0.5609375 0.7140625 0.5578125 0.70625 0.55625 0.6953125 0.5578125 0.6921875 0.5703125 0.6796875 0.5875 0.6765625
0 0.484375 0.5390625 0.54375 0.5515625 0.565625 0.5609375 0.5703125 0.565625 0.5703125 0.5765625 0.575 0.590625 0.575 0.603125 0.5703125 0.609375 0.5578125 0.6140625 0.5125 0.609375 0.5078125 0.60625 0.49375 0.6046875 0.48125 0.6 0.4421875 0.5953125 0.4296875 0.5890625 0.421875 0.58125 0.415625 0.5640625 0.4171875 0.55625 0.4234375 0.5453125 0.43125 0.5390625 0.440625 0.5359375 0.4828125 0.5390625
0 0.11875 0.665625 0.1671875 0.6734375 0.1890625 0.684375 0.1984375 0.7046875 0.1984375 0.7171875 0.19375 0.721875 0.1859375 0.725 0.1796875 0.734375 0.1734375 0.7375 0.1484375 0.7359375 0.0890625 0.7234375 0.0421875 0.7234375 0.040625 0.725 0.0328125 0.7234375 0.03125 0.7109375 0.034375 0.70625 0.034375 0.7015625 0.0421875 0.6875 0.0578125 0.6734375 0.06875 0.6671875 0.0859375 0.6640625 0.1171875 0.665625
0 0.99375 0.6625 0.9984375 0.665625 0.9984375 0.7921875 0.9953125 0.79375 0.9609375 0.7859375 0.94375 0.7859375 0.9359375 0.7828125 0.928125 0.7828125 0.9109375 0.7765625 0.9078125 0.771875 0.9078125 0.7640625 0.9125 0.759375 0.928125 0.753125 0.9359375 0.7453125 0.95 0.7234375 0.9578125 0.696875 0.9625 0.6703125 0.971875 0.6625 0.9921875 0.6625
0 0.0125 0.91875 0.06875 0.9296875 0.0734375 0.928125 0.084375 0.9296875 0.1 0.934375 0.1171875 0.9515625 0.128125 0.96875 0.128125 0.978125 0.1234375 0.9875 0.1171875 0.99375 0.1015625 0.9984375 0.0734375 0.9984375 0.0671875 0.9953125 0.0375 0.996875 0.03125 0.99375 0.0296875 0.9953125 0.01875 0.99375 0.0046875 0.996875 0 0.9953125 0 0.9203125 0.0109375 0.91875
0 0.2375 0.4203125 0.271875 0.43125 0.290625 0.446875 0.29375 0.4546875 0.2921875 0.4671875 0.2828125 0.478125 0.2703125 0.484375 0.253125 0.484375 0.2453125 0.4796875 0.2359375 0.4796875 0.2265625 0.4828125 0.2109375 0.4828125 0.18125 0.475 0.175 0.4703125 0.1734375 0.4640625 0.1859375 0.4390625 0.1890625 0.4265625 0.1953125 0.4203125 0.2078125 0.41875 0.2359375 0.4203125
0 0.0453125 0.790625 0.1109375 0.796875 0.1203125 0.8 0.1328125 0.8 0.1359375 0.803125 0.1421875 0.803125 0.146875 0.8 0.1546875 0.8046875 0.1703125 0.809375 0.175 0.81875 0.178125 0.8421875 0.171875 0.85625 0.1640625 0.8640625 0.1546875 0.8671875 0.14375 0.865625 0.1390625 0.8625 0.1265625 0.8625 0.1 0.85625 0.0890625 0.85625 0.065625 0.8484375 0.0515625 0.8484375 0.025 0.8421875 0.015625 0.825 0.015625 0.8078125 0.021875 0.796875 0.028125 0.7921875 0.04375 0.790625
0 0.078125 0.7234375 0.15625 0.7359375 0.171875 0.74375 0.178125 0.753125 0.1796875 0.778125 0.178125 0.78125 0.15625 0.7921875 0.0984375 0.7921875 0.065625 0.7828125 0.053125 0.7828125 0.0328125 0.778125 0.025 0.75625 0.0265625 0.734375 0.034375 0.7265625 0.040625 0.725 0.0765625 0.7234375
0 0.4640625 0.6015625 0.5015625 0.6078125 0.5109375 0.6125 0.525 0.6140625 0.5328125 0.6171875 0.55625 0.61875 0.5625 0.615625 0.5703125 0.6171875 0.5765625 0.615625 0.584375 0.61875 0.6 0.6359375 0.6015625 0.6484375 0.5890625 0.6671875 0.56875 0.675 0.553125 0.675 0.5328125 0.6703125 0.5125 0.66875 0.484375 0.6609375 0.453125 0.65625 0.434375 0.65 0.4296875 0.64375 0.4296875 0.6359375 0.425 0.625 0.425 0.609375 0.4359375 0.5984375 0.45 0.5984375 0.45625 0.6015625 0.4625 0.6015625
0 0.4796875 0.1828125 0.5078125 0.1921875 0.5125 0.1953125 0.5171875 0.2046875 0.51875 0.209375 0.51875 0.2625 0.5125 0.278125 0.5046875 0.2859375 0.4765625 0.3015625 0.459375 0.3 0.4390625 0.290625 0.4296875 0.275 0.4296875 0.25625 0.434375 0.2328125 0.4421875 0.221875 0.446875 0.209375 0.4625 0.1890625 0.4703125 0.184375 0.478125 0.1828125
0 0.0203125 0.846875 0.021875 0.8484375 0.028125 0.846875 0.0515625 0.8484375 0.0828125 0.8578125 0.11875 0.8609375 0.1265625 0.8640625 0.134375 0.884375 0.134375 0.9046875 0.1203125 0.9171875 0.109375 0.9203125 0.0953125 0.9203125 0.0828125 0.915625 0.0578125 0.9109375 0.0453125 0.9109375 0.0390625 0.9140625 0.0296875 0.9078125 0.0171875 0.9078125 0 0.903125 0 0.8484375 0.01875 0.846875
0 0.115625 0.553125 0.1171875 0.5546875 0.1421875 0.5515625 0.171875 0.553125 0.1796875 0.55625 0.2046875 0.559375 0.2203125 0.5671875 0.2328125 0.5875 0.23125 0.6015625 0.2203125 0.6125 0.2015625 0.61875 0.18125 0.6171875 0.16875 0.6125 0.1328125 0.6109375 0.1203125 0.60625 0.1046875 0.6046875 0.0921875 0.6 0.0890625 0.596875 0.0890625 0.590625 0.0984375 0.5703125 0.1109375 0.5609375 0.115625 0.5546875