0 0.29375 0.05 0.29375 0.075 0.3203125 0.0921875 0.3328125 0.109375 0.3421875 0.1109375 0.34375 0.1171875 0.375 0.11875 0.39375 0.1296875 0.4125 0.125 0.4296875 0.0875 0.45625 0.0671875 0.46875 0.0421875 0.46875 0.0203125 0.446875 0.003125 0.3953125 0.003125 0.3875 0.00625 0.371875 0.03125 0.34375 0.034375 0.3359375 0.0296875 0.3234375 0.0375 0.31875 0.034375 0.315625 0.040625 0.3 0.04375 0.29375 0.05
0 0.0828125 0.8859375 0.00625 0.003125
0 0.296875 0.8640625 0.290625 0.86875 0.303125 0.90625 0.3015625 0.915625 0.309375 0.91875 0.3140625 0.93125 0.33125 0.9375 0.3375 0.925 0.3328125 0.9125 0.321875 0.9078125 0.3171875 0.8890625 0.3125 0.89375 0.30625 0.8859375 0.30625 0.86875 0.296875 0.8640625
0 0.0203125 0.7078125 0.0203125 0.71875 0.065625 0.7609375 0.06875 0.76875 0.1234375 0.78125 0.15 0.7765625 0.1921875 0.7921875 0.215625 0.7859375 0.2234375 0.7703125 0.2859375 0.7703125 0.296875 0.7640625 0.3171875 0.7640625 0.33125 0.7734375 0.3546875 0.74375 0.3546875 0.728125 0.34375 0.71875 0.3421875 0.6921875 0.3 0.6828125 0.2859375 0.6625 0.2671875 0.6625 0.2328125 0.6484375 0.178125 0.6421875 0.153125 0.6203125 0.134375 0.6125 0.1203125 0.6140625 0.109375 0.6234375 0.1046875 0.65 0.0953125 0.6609375 0.0734375 0.65625 0.0640625 0.6671875 0.0421875 0.6765625 0.0203125 0.7078125
0 0.30625 0.10625 0.2921875 0.125 0.2921875 0.1390625 0.3015625 0.146875 0.378125 0.15 0.3921875 0.1421875 0.3921875 0.13125 0.3796875 0.1203125 0.35 0.115625 0.340625 0.10625 0.30625 0.10625
0 0.0078125 0.95 0 0.9515625 0 0.9984375 0.05625 0.9984375 0.0578125 0.9921875 0.0421875 0.9671875 0.0375 0.95 0.0078125 0.95
0 0.175 0.5234375 0.1734375 0.56875 0.178125 0.575 0.21875 0.56875 0.240625 0.546875 0.24375 0.5375 0.24375 0.525 0.234375 0.5171875 0.19375 0.5109375 0.175 0.5234375
0 0.10625 0.3046875 0.1046875 0.31875 0.1390625 0.3484375 0.1578125 0.34375 0.1796875 0.321875 0.18125 0.3015625 0.19375 0.275 0.1921875 0.2546875 0.178125 0.24375 0.15 0.2421875 0.1265625 0.2640625 0.10625 0.3046875
0 0.15625 0.75625 0.1421875 0.75625 0.1421875 0.7625 0.15625 0.7609375 0.15625 0.75625
0 0.1671875 0.7296875 0.1640625 0.7375 0.16875 0.7375 0.1671875 0.7296875
0 0.1484375 0.71875 0.1484375 0.728125 0.1375 0.7375 0.1484375 0.7390625 0.15625 0.734375 0.1609375 0.7234375 0.1546875 0.71875 0.1609375 0.7125 0.1484375 0.71875
0 0.025 0.7 0.0203125 0.7171875 0.06875 0.7640625 0.0984375 0.76875 0.1171875 0.759375 0.13125 0.759375 0.1359375 0.7421875 0.125 0.7359375 0.125 0.7203125 0.1296875 0.7140625 0.1125 0.6671875 0.1015625 0.6625 0.0875 0.665625 0.084375 0.65625 0.0703125 0.65625 0.065625 0.6640625 0.04375 0.675 0.025 0.7
0 0.3234375 0.98125 0.321875 0.99375 0.3265625 0.9984375 0.3734375 0.9953125 0.371875 0.984375 0.3640625 0.975 0.340625 0.9734375 0.3234375 0.98125
0 0.0078125 0.4515625 0 0.4734375 0 0.54375 0.0234375 0.5484375 0.0453125 0.53125 0.075 0.4875 0.0796875 0.4796875 0.0796875 0.4578125 0.065625 0.44375 0.05 0.4375 0.0234375 0.4375 0.0078125 0.4515625
0 0.0046875 0.8984375 0 0.8984375 0 0.940625 0.03125 0.93125 0.028125 0.9125 0.0046875 0.8984375
0 0.18125 0.16875 0.1796875 0.1984375 0.1875 0.209375 0.215625 0.2203125 0.2390625 0.2171875 0.2796875 0.1671875 0.2796875 0.125 0.2609375 0.10625 0.246875 0.1 0.23125 0.1 0.21875 0.10625 0.203125 0.1265625 0.18125 0.16875
0 0.884375 0.04375 0.8859375 0.053125 0.88125 0.0578125 0.89375 0.075 0.9015625 0.0765625 0.89375 0.09375 0.9 0.1 0.89375 0.103125 0.9046875 0.1 0.90625 0.109375 0.915625 0.1125 0.91875 0.1296875 0.94375 0.1671875 0.9484375 0.1875 0.9546875 0.1890625 0.9515625 0.1953125 0.9578125 0.2234375 0.965625 0.2234375 0.96875 0.23125 0.9765625 0.2296875 0.984375 0.2375 0.98125 0.25 0.9890625 0.2546875 0.9984375 0.2375 0.9984375 0.2125 0.99375 0.209375 0.9921875 0.196875 0.99375 0.184375 0.9984375 0.18125 0.9984375 0.1046875 0.99375 0.0984375 0.9984375 0.0890625 0.99375 0.05625 0.9984375 0.0046875 0.99375 0 0.915625 0 0.9125 0.0046875 0.9171875 0.0171875 0.9109375 0.0234375 0.90625 0.01875 0.909375 0.0234375 0.9046875 0.028125 0.8984375 0.025 0.884375 0.04375
0 0.3546875 0.8859375 0.353125 0.9171875 0.421875 0.95625 0.459375 0.95625 0.4875 0.946875 0.5 0.9609375 0.509375 0.9609375 0.546875 0.94375 0.55625 0.9265625 0.565625 0.925 0.571875 0.9125 0.5625 0.8890625 0.5515625 0.8859375 0.5359375 0.8703125 0.50625 0.8671875 0.4875 0.8515625 0.4796875 0.8375 0.4375 0.83125 0.40625 0.8359375 0.3984375 0.8625 0.3921875 0.86875 0.3546875 0.8859375
0 0.296875 0.0515625 0.29375 0.0671875 0.3 0.078125 0.3203125 0.0875 0.33125 0.109375 0.359375 0.1234375 0.378125 0.1203125 0.3890625 0.1265625 0.4109375 0.125 0.43125 0.08125 0.425 0.0578125 0.4171875 0.05 0.403125 0.0546875 0.3796875 0.05 0.371875 0.0421875 0.353125 0.0421875 0.34375 0.05 0.30625 0.046875 0.296875 0.0515625
0 0.2921875 0.05 0.2921875 0.075 0.30625 0.0890625 0.3046875 0.115625 0.2921875 0.1234375 0.29375 0.1390625 0.3234375 0.1484375 0.3546875 0.146875 0.3578125 0.1421875 0.3625 0.146875 0.3890625 0.146875 0.4171875 0.125 0.43125 0.09375 0.4421875 0.0796875 0.4609375 0.0671875 0.4640625 0.053125 0.5 0.0484375 0.525 0.01875 0.5265625 0 0.3953125 0 0.375 0.01875 0.359375 0.0203125 0.346875 0.0296875 0.3375 0.01875 0.31875 0.01875 0.3125 0.0359375 0.2921875 0.05
0 0.03125 0.3953125 0.03125 0.4171875 0.06875 0.4421875 0.0859375 0.4421875 0.1234375 0.4046875 0.13125 0.375 0.13125 0.3484375 0.115625 0.33125 0.084375 0.325 0.06875 0.3375 0.0671875 0.353125 0.0375 0.3796875 0.03125 0.3953125
0 0.29375 0.0515625 0.29375 0.0734375 0.3140625 0.0859375 0.3296875 0.0859375 0.34375 0.1 0.35 0.09375 0.3625 0.0984375 0.365625 0.0875 0.3859375 0.0765625 0.3859375 0.0375 0.3765625 0.040625 0.3375 0.0359375 0.33125 0.0421875 0.3015625 0.04375 0.29375 0.0515625
0 0.0125 0.90625 0 0.90625 0 0.9984375 0.0578125 0.9984375 0.0546875 0.98125 0.03125 0.934375 0.0296875 0.91875 0.0125 0.90625