0 0.95 0 0.95625 0.034375 0.975 0.05625 0.9875 0.0890625 0.9921875 0.125 0.9984375 0.125 0.9984375 0.11697968750000001 0.9921875 0.1125 0.9984375 0.1089578125 0.9984375 0.0046875 0.9921875 0 0.95 0
0 0.75625 0.9109375 0.75 0.9421875 0.7421875 0.9515625 0.7453125 0.9734375 0.7796875 0.9796875 0.80625 0.9765625 0.83125 0.9125 0.8296875 0.88125 0.81875 0.875 0.78125 0.875 0.76875 0.884375 0.75625 0.9109375
0 0.0078125 0.53125 0 0.53125 0 0.6046875 0.025 0.6046875 0.0359375 0.59375 0.0359375 0.575 0.0296875 0.55625 0.0078125 0.53125
0 0.18125 0.53125 0.18125 0.56875 0.2125 0.603125 0.2546875 0.625 0.26875 0.625 0.2859375 0.6171875 0.2859375 0.6 0.2625 0.571875 0.2546875 0.54375 0.2359375 0.5265625 0.209375 0.51875 0.18125 0.53125
0 0.8546875 0.9109375 0.84375 0.9421875 0.83125 0.9578125 0.8328125 0.9796875 0.8625 0.9875 0.8984375 0.9859375 0.9109375 0.975 0.9171875 0.95625 0.9109375 0.90625 0.8984375 0.89375 0.878125 0.89375 0.8640625 0.9 0.8546875 0.9109375
0 0.003125 0.9125 0 0.99375 0.0484375 0.9921875 0.0484375 0.9859375 0.05625 0.9796875 0.0796875 0.978125 0.0921875 0.9671875 0.09375 0.94375 0.0890625 0.9375 0.071875 0.93125 0.040625 0.93125 0.021875 0.9171875 0.003125 0.9125
0 0.04375 0.5 0.0375 0.50625 0.0375 0.5265625 0.05 0.5625 0.075 0.5625 0.08125 0.55625 0.1109375 0.5484375 0.1171875 0.5296875 0.109375 0.5109375 0.0765625 0.49375 0.0546875 0.49375 0.04375 0.5
0 0.0421875 0.5015625 0.0375 0.525 0.0484375 0.565625 0.0546875 0.571875 0.06875 0.5734375 0.0859375 0.5921875 0.10625 0.603125 0.125 0.6046875 0.1375 0.5984375 0.1421875 0.5890625 0.1421875 0.56875 0.1203125 0.540625 0.115625 0.5203125 0.09375 0.5 0.075 0.49375 0.05625 0.49375 0.0421875 0.5015625
0 0.0046875 0.8609375 0 0.8625 0.003125 0.9125 0.0265625 0.9171875 0.0375 0.925 0.075 0.925 0.1 0.915625 0.10625 0.90625 0.109375 0.8859375 0.0921875 0.8703125 0.0046875 0.8609375
0 0.0796875 0.5625 0.0796875 0.58125 0.10625 0.603125 0.125 0.6046875 0.1421875 0.5921875 0.1421875 0.56875 0.1234375 0.55 0.1046875 0.5515625 0.0796875 0.5625
0 0.00625 0.9265625 0 0.9265625 0 0.9921875 0.0109375 0.99375 0.01875 0.9875 0.0375 0.984375 0.04375 0.9546875 0.0421875 0.9375 0.025 0.9359375 0.00625 0.9265625
0 0.0828125 0.9359375 0 0.9359375 0 0.99375 0.04375 0.9921875 0.0515625 0.9796875 0.075 0.9796875 0.084375 0.975 0.0921875 0.9671875 0.09375 0.946875 0.0828125 0.9359375