0 0.7875 0.5375 0.78125 0.5421875 0.78125 0.575 0.7921875 0.5859375 0.9375 0.55 0.9515625 0.5421875 0.9421875 0.5203125 0.91875 0.50625 0.8859375 0.50625 0.8546875 0.5125 0.7875 0.5375
0 0.2265625 0.66875 0.225 0.6796875 0.234375 0.6953125 0.234375 0.7140625 0.2265625 0.7296875 0.209375 0.73125 0.215625 0.7421875 0.2359375 0.7421875 0.3984375 0.6984375 0.4125 0.6921875 0.421875 0.675 0.43125 0.671875 0.434375 0.6453125 0.3875 0.6375 0.3625 0.625 0.3375 0.625 0.321875 0.6359375 0.3109375 0.6359375 0.3015625 0.6421875 0.278125 0.6390625 0.2609375 0.6484375 0.2359375 0.6484375 0.2265625 0.66875
0 0.0046875 0.7546875 0 0.753125 0 0.8046875 0.0125 0.8015625 0.03125 0.7875 0.025 0.7703125 0.0046875 0.7546875
0 0.23125 0.65 0.225 0.6703125 0.225 0.68125 0.23125 0.690625 0.23125 0.7140625 0.2203125 0.728125 0.2125 0.725 0.2046875 0.7296875 0.20625 0.7421875 0.2109375 0.7453125 0.24375 0.7421875 0.3140625 0.71875 0.33125 0.71875 0.35625 0.7078125 0.375 0.70625 0.4265625 0.6875 0.4859375 0.6734375 0.4890625 0.66875 0.4796875 0.65625 0.46875 0.653125 0.465625 0.6359375 0.3875 0.6359375 0.3546875 0.6234375 0.2953125 0.6375 0.2609375 0.634375 0.23125 0.65
0 0.475 0.6046875 0.4671875 0.6125 0.46875 0.63125 0.4828125 0.65625 0.49375 0.6625 0.5234375 0.6609375 0.59375 0.64375 0.6140625 0.6359375 0.625 0.625 0.625 0.6125 0.6109375 0.5890625 0.59375 0.58125 0.5375 0.5859375 0.475 0.6046875
0 0.64296875 0.67109375 0.0015625 0.0046875
0 0.72421875 0.653125 0.0015625 0.00625
0 0.625 0.6296875 0.625 0.634375 0.6390625 0.6359375 0.64375 0.6421875 0.6421875 0.6484375 0.634375 0.6484375 0.6296875 0.65625 0.6234375 0.6484375 0.6203125 0.6625 0.625 0.6671875 0.6171875 0.66875 0.6203125 0.6796875 0.640625 0.65 0.6484375 0.6625 0.6625 0.6546875 0.675 0.659375 0.675 0.6515625 0.684375 0.6421875 0.703125 0.65625 0.7140625 0.6390625 0.7234375 0.64375 0.7359375 0.634375 0.7375 0.65625 0.7421875 0.64375 0.75 0.640625 0.746875 0.65625 0.75625 0.63125 0.7671875 0.63125 0.7703125 0.625 0.7703125 0.6171875 0.759375 0.6109375 0.76875 0.6046875 0.7734375 0.59375 0.78125 0.59375 0.7875 0.5859375 0.7640625 0.58125 0.696875 0.6 0.6828125 0.6 0.678125 0.6046875 0.6546875 0.60625 0.63125 0.6140625 0.625 0.6296875
0 0.0015625 0.3625 0.0078125 0.36875 0 0.3705734375 0 0.4109375 0.00625 0.4109375 0.025 0.4 0.025 0.3875 0.0171875 0.3734375 0.0015625 0.3625
0 0.475 0.60625 0.46875 0.6125 0.4703125 0.63125 0.478125 0.6421875 0.478125 0.659375 0.4703125 0.66875 0.4734375 0.675 0.4796875 0.6625 0.4875 0.66875 0.5015625 0.6671875 0.6171875 0.6359375 0.6703125 0.6390625 0.6828125 0.6234375 0.709375 0.625 0.7234375 0.634375 0.73125 0.6234375 0.7375 0.625 0.7421875 0.609375 0.7609375 0.6046875 0.784375 0.5859375 0.7765625 0.5921875 0.775 0.5859375 0.75625 0.5859375 0.6796875 0.6046875 0.625 0.6125 0.609375 0.5890625 0.5828125 0.58125 0.571875 0.5859375 0.525 0.5890625 0.475 0.60625
0 0.6296875 0.6203125 0.628125 0.63125 0.6546875 0.63125 0.6828125 0.6203125 0.70625 0.6203125 0.7390625 0.60625 0.7578125 0.6046875 0.78125 0.5921875 0.78125 0.5859375 0.77109375 0.5859375 0.7765625 0.5921875 0.76875 0.5953125 0.7609375 0.5859375 0.65625 0.60625 0.634375 0.6125 0.6296875 0.6203125