0 0.6765625 0.1328125 0.675 0.1578125 0.6859375 0.171875 0.721875 0.16875 0.734375 0.18125 0.75625 0.184375 0.7765625 0.184375 0.78125 0.175 0.7921875 0.1734375 0.8 0.1796875 0.840625 0.1734375 0.8390625 0.19375 0.8546875 0.2046875 0.8671875 0.2046875 0.884375 0.19375 0.925 0.1984375 0.9375 0.1875 0.9484375 0.15625 0.9484375 0.1421875 0.9421875 0.1296875 0.90625 0.115625 0.8921875 0.1 0.86875 0.1 0.859375 0.0921875 0.7890625 0.09375 0.7671875 0.0875 0.725 0.1 0.721875 0.1171875 0.7046875 0.1296875 0.69375 0.1265625 0.6765625 0.1328125
0 0.1984375 0.4625 0.1890625 0.4703125 0.1890625 0.4875 0.19375 0.5 0.2171875 0.51875 0.3 0.5171875 0.3375 0.5109375 0.3484375 0.503125 0.34375 0.4625 0.33125 0.4484375 0.3 0.44375 0.1984375 0.4625
0 0.2203125 0.5265625 0.21875 0.5484375 0.225 0.5703125 0.240625 0.5796875 0.2703125 0.5765625 0.275 0.58125 0.29375 0.5828125 0.3484375 0.58125 0.3828125 0.565625 0.3875 0.5546875 0.38125 0.5359375 0.3484375 0.5109375 0.3125 0.51875 0.2375 0.5203125 0.2203125 0.5265625
0 0.7890625 0.828125 0.7875 0.85 0.80625 0.9125 0.83125 0.9296875 0.86875 0.9265625 0.8671875 0.8921875 0.8546875 0.865625 0.8484375 0.8328125 0.8421875 0.825 0.81875 0.81875 0.7890625 0.828125
0 0.946875 0.8921875 0.94375 0.90625 0.95625 0.9546875 0.971875 0.9734375 0.9796875 0.9921875 0.9921875 0.9984375 0.9984375 0.99375 0.9984375 0.8671875 0.9859375 0.8640625 0.975 0.86875 0.95 0.884375 0.946875 0.8921875
0 0.1796875 0.7265625 0.175 0.734375 0.178125 0.7484375 0.2171875 0.7671875 0.3 0.7734375 0.340625 0.76875 0.35 0.7609375 0.35 0.75625 0.3359375 0.7453125 0.2953125 0.7296875 0.2296875 0.721875 0.1796875 0.7265625
0 0.04375 0.665625 0.0375 0.6765625 0.0375 0.70625 0.05625 0.7546875 0.08125 0.76875 0.0984375 0.76875 0.125 0.759375 0.13125 0.75 0.13125 0.7375 0.1234375 0.721875 0.1234375 0.69375 0.1109375 0.6625 0.096875 0.65 0.06875 0.6484375 0.0578125 0.6515625 0.04375 0.665625
0 0.4484375 0.371875 0.45 0.4171875 0.465625 0.4296875 0.4890625 0.4234375 0.5109375 0.4265625 0.5375 0.421875 0.5578125 0.4109375 0.58125 0.4109375 0.6046875 0.4 0.596875 0.36875 0.5765625 0.35 0.50625 0.3546875 0.4921875 0.3609375 0.4625 0.3640625 0.4484375 0.371875
0 0.1546875 0.328125 0.15625 0.3703125 0.165625 0.38125 0.2796875 0.375 0.29375 0.36875 0.3125 0.36875 0.3171875 0.3640625 0.3109375 0.3328125 0.2921875 0.3140625 0.18125 0.3140625 0.1625 0.31875 0.1546875 0.328125
0 0.540625 0.6390625 0.5375 0.6546875 0.5484375 0.6734375 0.55 0.696875 0.5546875 0.7015625 0.5546875 0.73125 0.56875 0.7421875 0.5796875 0.74375 0.6171875 0.7375 0.628125 0.725 0.628125 0.7109375 0.6046875 0.68125 0.596875 0.6453125 0.58125 0.63125 0.55 0.63125 0.540625 0.6390625
0 0.2546875 0.76875 0.25 0.7734375 0.25 0.8203125 0.26875 0.8390625 0.26875 0.85 0.2734375 0.8546875 0.3625 0.8546875 0.3984375 0.8375 0.4125 0.8234375 0.440625 0.8234375 0.45625 0.815625 0.45625 0.7921875 0.44375 0.7625 0.3046875 0.775 0.2546875 0.76875
0 0.39375 0.23125 0.3890625 0.2671875 0.403125 0.28125 0.459375 0.28125 0.475 0.275 0.5203125 0.2734375 0.55 0.2609375 0.5546875 0.25 0.55 0.2359375 0.534375 0.2203125 0.5234375 0.2171875 0.43125 0.21875 0.39375 0.23125
0 0.1671875 0.3875 0.1640625 0.4 0.1734375 0.4125 0.1796875 0.434375 0.2125 0.45625 0.29375 0.43125 0.3109375 0.43125 0.33125 0.4125 0.321875 0.384375 0.3078125 0.3734375 0.28125 0.375 0.275 0.3796875 0.24375 0.3765625 0.2203125 0.384375 0.1671875 0.3875
0 0.1328125 0.575 0.13125 0.6046875 0.1375 0.6171875 0.175 0.6609375 0.184375 0.6625 0.1953125 0.6734375 0.225 0.6859375 0.24375 0.6875 0.296875 0.6546875 0.290625 0.609375 0.28125 0.5890625 0.2375 0.5859375 0.225 0.5734375 0.215625 0.5515625 0.178125 0.55 0.1578125 0.5546875 0.1328125 0.575