0 0.94375 0.4578125 0.9984375 0.465625 0.9984375 0.5640625 0.95625 0.5625 0.9390625 0.55625 0.928125 0.5453125 0.921875 0.5203125 0.9125 0.4984375 0.9125 0.4890625 0.9203125 0.475 0.921875 0.4625 0.928125 0.4578125 0.9421875 0.4578125
0 0.9734375 0.68125 0.9953125 0.684375 0.9984375 0.6875 0.9984375 0.7484375 0.9921875 0.753125 0.9828125 0.753125 0.9703125 0.7484375 0.921875 0.740625 0.9171875 0.7375 0.9046875 0.7203125 0.90625 0.703125 0.9140625 0.6890625 0.921875 0.68125 0.9296875 0.678125 0.959375 0.678125 0.971875 0.68125
0 0.9796875 0.6015625 0.9984375 0.6078125 0.9984375 0.6421875 0.990625 0.659375 0.978125 0.665625 0.9640625 0.665625 0.953125 0.6625 0.9328125 0.65 0.9109375 0.6515625 0.9078125 0.6484375 0.9078125 0.6296875 0.909375 0.625 0.9171875 0.6171875 0.9546875 0.603125 0.96875 0.6 0.978125 0.6015625
0 0 0.5546875 0.0546875 0.559375 0.0703125 0.5640625 0.0765625 0.56875 0.078125 0.5734375 0.078125 0.6 0.06875 0.6125 0.05625 0.615625 0.04375 0.615625 0.0234375 0.6109375 0 0.6109375 0 0.55625
0 0.2609375 0.596875 0.2640625 0.5953125 0.284375 0.5953125 0.2859375 0.596875 0.309375 0.5953125 0.31875 0.6 0.346875 0.6015625 0.365625 0.609375 0.3765625 0.609375 0.4015625 0.6015625 0.4140625 0.609375 0.425 0.625 0.425 0.64375 0.4203125 0.653125 0.4109375 0.6609375 0.3984375 0.665625 0.3796875 0.665625 0.359375 0.6609375 0.30625 0.6578125 0.2921875 0.6515625 0.275 0.6515625 0.265625 0.65625 0.2578125 0.6453125 0.2546875 0.625 0.2578125 0.6015625 0.2609375 0.5984375
0 0.640625 0.4375 0.7078125 0.4453125 0.728125 0.45 0.7359375 0.4546875 0.7546875 0.4765625 0.7578125 0.4828125 0.75625 0.490625 0.740625 0.5078125 0.728125 0.509375 0.7234375 0.5046875 0.7078125 0.509375 0.6828125 0.5125 0.6625 0.5125 0.6203125 0.5078125 0.609375 0.503125 0.5859375 0.4859375 0.584375 0.4546875 0.5890625 0.44375 0.5953125 0.4375 0.5984375 0.4359375 0.6390625 0.4375
0 0.071875 0.9359375 0.0890625 0.9390625 0.0984375 0.946875 0.1109375 0.9875 0.1140625 0.9921875 0.1140625 0.9984375 0.040625 0.9984375 0.0390625 0.9921875 0.040625 0.946875 0.0484375 0.9390625 0.0703125 0.9359375
0 0.0890625 0.4984375 0.1515625 0.50625 0.196875 0.521875 0.203125 0.53125 0.2046875 0.55 0.2015625 0.5640625 0.1890625 0.5703125 0.1625 0.5703125 0.1421875 0.565625 0.115625 0.5671875 0.109375 0.5640625 0.0890625 0.5609375 0.0796875 0.55625 0.053125 0.553125 0.0296875 0.54375 0.028125 0.528125 0.0359375 0.5109375 0.0421875 0.5046875 0.0625 0.5 0.0875 0.4984375
0 0.2828125 0.5296875 0.321875 0.5359375 0.3453125 0.534375 0.3640625 0.5375 0.38125 0.5421875 0.3984375 0.5515625 0.4109375 0.5671875 0.4109375 0.5796875 0.4078125 0.59375 0.4015625 0.6 0.3765625 0.60625 0.3578125 0.6046875 0.3421875 0.5984375 0.3234375 0.5984375 0.3 0.5859375 0.2859375 0.584375 0.278125 0.58125 0.26875 0.5796875 0.2640625 0.5828125 0.246875 0.571875 0.240625 0.5625 0.240625 0.5421875 0.24375 0.534375 0.2515625 0.5296875 0.28125 0.5296875
0 0.6671875 0.9703125 0.66875 0.971875 0.6921875 0.971875 0.703125 0.975 0.7171875 0.9875 0.7203125 0.9984375 0.6328125 0.9984375 0.6328125 0.990625 0.6390625 0.9796875 0.653125 0.971875 0.665625 0.9703125
0 0.8390625 0.5375 0.8453125 0.540625 0.9203125 0.546875 0.9359375 0.5578125 0.9578125 0.56875 0.9609375 0.5828125 0.95625 0.5953125 0.95 0.603125 0.925 0.6125 0.9125 0.6140625 0.8875 0.628125 0.8828125 0.628125 0.8796875 0.6234375 0.878125 0.6125 0.8625 0.6046875 0.8515625 0.5921875 0.834375 0.5875 0.809375 0.584375 0.7984375 0.578125 0.796875 0.5640625 0.8 0.55625 0.7984375 0.5546875 0.8 0.540625 0.80625 0.5359375 0.8375 0.5375