0 0.1859375 0.8578125 0.18125 0.875 0.2 0.9 0.2015625 0.9234375 0.2125 0.9609375 0.234375 0.971875 0.2796875 0.96875 0.2921875 0.9546875 0.290625 0.9375 0.25 0.8921875 0.25 0.8796875 0.2421875 0.8671875 0.228125 0.853125 0.1859375 0.8578125
0 0.2375 0 0.125 0 0.125 0.00625 0.1390625 0.0296875 0.1828125 0.0359375 0.23125 0.0234375 0.240625 0.0125 0.2375 0
0 0.0046875 0.659375 0 0.659375 0 0.7671875 0.00625 0.7609375 0.0203125 0.7078125 0.03125 0.6984375 0.03125 0.6859375 0.0234375 0.671875 0.0046875 0.659375
0 0.0125 0.8 0.0109375 0.8109375 0.01875 0.8234375 0.0765625 0.8734375 0.1109375 0.878125 0.1421875 0.853125 0.1390625 0.84375 0.115625 0.821875 0.0609375 0.7875 0.03125 0.7875 0.0125 0.8
0 0.0515625 0.2046875 0.05 0.21875 0.0578125 0.2359375 0.0890625 0.2609375 0.1234375 0.2609375 0.1265625 0.25625 0.15 0.2546875 0.16875 0.225 0.1609375 0.2015625 0.13125 0.2 0.1109375 0.1875 0.0515625 0.2046875
0 0.21796875 0.12734375 0.0109375 0.0046875
0 0.08125 0.1296875 0.0796875 0.1359375 0.0859375 0.146875 0.1171875 0.18125 0.146875 0.175 0.15625 0.1796875 0.175 0.178125 0.1875 0.1734375 0.2 0.153125 0.1921875 0.1390625 0.1921875 0.125 0.2 0.125 0.2 0.1203125 0.1640625 0.115625 0.1546875 0.10625 0.1 0.11875 0.08125 0.1296875
0 0.02265625 0.68046875 0.0046875 0.0015625
0 0.0015625 0.659375 0 0.6671875 0.0046875 0.671875 0.0203125 0.675 0.01875 0.6671875 0.0015625 0.659375
0 0.0015625 0.5734375 0 0.634375 0.00625 0.634375 0.0359375 0.6234375 0.046875 0.6125 0.046875 0.6046875 0.0296875 0.58125 0.0015625 0.5734375
0 0.03125 0.3015625 0.025 0.3109375 0.03125 0.3359375 0.0515625 0.3546875 0.065625 0.353125 0.0921875 0.3375 0.125 0.3296875 0.1421875 0.30625 0.1421875 0.3015625 0.1234375 0.2859375 0.0625 0.2859375 0.03125 0.3015625
0 0.0078125 0.49375 0 0.5 0 0.5625 0.0421875 0.540625 0.08125 0.5109375 0.0796875 0.5 0.0546875 0.4796875 0.0296875 0.4796875 0.0078125 0.49375
0 0.1203125 0.0421875 0.1265625 0.0734375 0.1390625 0.084375 0.1484375 0.0859375 0.1578125 0.096875 0.1671875 0.096875 0.175 0.0875 0.1875 0.0859375 0.2 0.0734375 0.2 0.0515625 0.1859375 0.0421875 0.1875 0.0375 0.1640625 0.0375 0.1421875 0.03125 0.125 0.0359375 0.1203125 0.0421875
0 0.4484375 0.9109375 0.4484375 0.9296875 0.4796875 0.9921875 0.49375 0.9984375 0.51875 0.9953125 0.534375 0.975 0.503125 0.921875 0.5 0.90625 0.465625 0.9046875 0.4515625 0.90625 0.4484375 0.9109375
0 0.3328125 0.9 0.33125 0.9140625 0.340625 0.93125 0.3328125 0.95 0.3375 0.9578125 0.3453125 0.9640625 0.3640625 0.9671875 0.3734375 0.9828125 0.3875 0.9921875 0.4171875 0.9921875 0.4265625 0.984375 0.4296875 0.9796875 0.421875 0.9578125 0.384375 0.9046875 0.3703125 0.8984375 0.3328125 0.9
0 0.0375 0 0 0 0 0.0796875 0.01875 0.075 0.0234375 0.0671875 0.025 0.0515625 0.0375 0.0234375 0.0375 0
0 0.46875 0.93125 0.4578125 0.9375 0.4578125 0.94375 0.475 0.9859375 0.49375 0.9984375 0.51875 0.9953125 0.53125 0.9796875 0.53125 0.96875 0.5109375 0.9328125 0.46875 0.93125