0 0.6859375 0.19375 0.703125 0.196875 0.709375 0.2 0.71875 0.209375 0.7265625 0.225 0.728125 0.2328125 0.725 0.25625 0.721875 0.2640625 0.7140625 0.26875 0.7 0.265625 0.665625 0.271875 0.6578125 0.26875 0.646875 0.271875 0.6453125 0.2703125 0.6203125 0.271875 0.6078125 0.26875 0.5984375 0.2640625 0.5921875 0.2578125 0.5890625 0.25 0.5890625 0.2359375 0.5953125 0.2265625 0.6140625 0.2171875 0.63125 0.2125 0.6703125 0.196875 0.684375 0.19375
0 0.0359375 0.34375 0.0375 0.3453125 0.0421875 0.34375 0.05625 0.3453125 0.0703125 0.353125 0.0765625 0.365625 0.075 0.36875 0.078125 0.3828125 0.0921875 0.403125 0.0890625 0.4203125 0.0828125 0.4359375 0.0765625 0.4421875 0.06875 0.4421875 0.0625 0.446875 0.0546875 0.45625 0.053125 0.465625 0.046875 0.465625 0.0390625 0.4609375 0.0375 0.4625 0.01875 0.4625 0 0.4546875 0 0.3609375 0.003125 0.3578125 0.0125 0.3578125 0.0265625 0.3453125 0.034375 0.34375
0 0.803125 0.7515625 0.815625 0.753125 0.834375 0.7640625 0.8421875 0.7765625 0.8421875 0.784375 0.8359375 0.7953125 0.815625 0.8578125 0.7953125 0.871875 0.775 0.8703125 0.75 0.859375 0.74375 0.8515625 0.74375 0.8359375 0.753125 0.8203125 0.7578125 0.8 0.771875 0.7703125 0.784375 0.7546875 0.790625 0.7515625 0.8015625 0.7515625
0 0.7109375 0.10625 0.7125 0.1078125 0.7328125 0.10625 0.7546875 0.11875 0.775 0.140625 0.7765625 0.14375 0.775 0.153125 0.7703125 0.1578125 0.753125 0.165625 0.715625 0.165625 0.684375 0.1734375 0.65625 0.1734375 0.6546875 0.175 0.6375 0.175 0.621875 0.165625 0.615625 0.1515625 0.615625 0.1296875 0.61875 0.125 0.6390625 0.1140625 0.6765625 0.1140625 0.6984375 0.10625 0.709375 0.10625
0 0.815625 0 0.815625 0.0046875 0.81875 0.009375 0.8171875 0.01875 0.796875 0.0296875 0.778125 0.0328125 0.771875 0.0359375 0.7515625 0.0375 0.7265625 0.0453125 0.7125 0.0453125 0.6984375 0.05 0.66875 0.05 0.65625 0.0390625 0.65 0.0265625 0.6484375 0.0140625 0.65 0.009375 0.6625 0 0.8140625 0
0 0.996875 0.6984375 0.9984375 0.7 0.9984375 0.75625 0.9640625 0.7546875 0.9546875 0.7515625 0.95 0.746875 0.946875 0.7375 0.9484375 0.7140625 0.9578125 0.7 0.9953125 0.6984375
0 0.6375 0.7296875 0.653125 0.7375 0.6625 0.753125 0.665625 0.771875 0.6578125 0.7828125 0.6515625 0.7859375 0.61875 0.7890625 0.6125 0.7921875 0.59375 0.7953125 0.55 0.79375 0.5359375 0.7984375 0.515625 0.796875 0.49375 0.78125 0.490625 0.7734375 0.490625 0.7625 0.4953125 0.753125 0.528125 0.740625 0.5515625 0.7375 0.578125 0.7296875 0.5921875 0.728125 0.6359375 0.7296875
0 0.30625 0.7953125 0.3078125 0.796875 0.325 0.796875 0.3265625 0.7953125 0.3640625 0.796875 0.4 0.8046875 0.4171875 0.80625 0.43125 0.8125 0.44375 0.8328125 0.446875 0.85 0.434375 0.8671875 0.4265625 0.8703125 0.4078125 0.8703125 0.40625 0.871875 0.3703125 0.865625 0.353125 0.859375 0.346875 0.859375 0.3375 0.8546875 0.3109375 0.8546875 0.2984375 0.8484375 0.29375 0.840625 0.2828125 0.83125 0.28125 0.8140625 0.2875 0.8 0.2921875 0.796875 0.3046875 0.7953125
0 0.690625 0.2734375 0.7125 0.28125 0.71875 0.2859375 0.721875 0.30625 0.71875 0.3203125 0.7125 0.328125 0.6703125 0.3359375 0.6265625 0.334375 0.61875 0.3375 0.6171875 0.3359375 0.590625 0.3375 0.575 0.3296875 0.565625 0.3203125 0.5640625 0.3015625 0.575 0.2875 0.5890625 0.28125 0.615625 0.2765625 0.6390625 0.2765625 0.65 0.2734375 0.65625 0.275 0.6890625 0.2734375
0 0.665625 0.340625 0.671875 0.34375 0.6953125 0.375 0.696875 0.378125 0.6953125 0.390625 0.6890625 0.396875 0.6515625 0.415625 0.6125 0.421875 0.5765625 0.4328125 0.55625 0.4328125 0.5390625 0.4203125 0.53125 0.4046875 0.5328125 0.3859375 0.54375 0.3765625 0.5875 0.3546875 0.628125 0.3421875 0.6640625 0.340625
0 0.646875 0.4265625 0.659375 0.434375 0.6734375 0.45 0.675 0.459375 0.665625 0.46875 0.6265625 0.4875 0.559375 0.50625 0.5453125 0.50625 0.5265625 0.4859375 0.525 0.465625 0.534375 0.4546875 0.5609375 0.4390625 0.5765625 0.434375 0.584375 0.434375 0.6 0.428125 0.6296875 0.421875 0.640625 0.421875 0.6453125 0.4265625
0 0.765625 0.0390625 0.7734375 0.046875 0.7828125 0.0734375 0.778125 0.0859375 0.734375 0.103125 0.728125 0.1046875 0.7015625 0.103125 0.675 0.1125 0.6578125 0.1125 0.6515625 0.109375 0.640625 0.0984375 0.63125 0.0765625 0.6328125 0.06875 0.640625 0.0609375 0.65625 0.053125 0.696875 0.053125 0.709375 0.0484375 0.7296875 0.046875 0.753125 0.0390625 0.7640625 0.0390625
0 0.7359375 0.990625 0.74375 0.99375 0.746875 0.9984375 0.6984375 0.9984375 0.703125 0.9921875 0.7171875 0.9875 0.734375 0.990625