0 0.6875 0.7375 0.6859375 0.75625 0.675 0.7828125 0.675 0.8046875 0.696875 0.8125 0.7078125 0.8234375 0.734375 0.821875 0.7421875 0.8078125 0.753125 0.803125 0.7609375 0.790625 0.7640625 0.73125 0.759375 0.71875 0.7375 0.70625 0.7109375 0.7078125 0.6875 0.7375
0 0.69375 0.725 0.6875 0.7375 0.6875 0.753125 0.6953125 0.753125 0.7046875 0.7609375 0.7328125 0.7609375 0.7484375 0.7671875 0.7609375 0.7625 0.7640625 0.728125 0.75625 0.7125 0.7421875 0.70625 0.7140625 0.70625 0.69375 0.725
0 0.0203125 0.5 0 0.5 0 0.540625 0.0171875 0.5375 0.0359375 0.5234375 0.0375 0.5109375 0.0203125 0.5
0 0.0046875 0.8328125 0 0.8328125 0 0.8953125 0.0109375 0.89375 0.025 0.88125 0.0234375 0.85625 0.0046875 0.8328125
0 0.0015625 0.7671875 0 0.8328125 0.01875 0.83125 0.03125 0.8015625 0.046875 0.784375 0.046875 0.7765625 0.0015625 0.7671875
0 0.0171875 0.76875 0 0.76875 0 0.8328125 0.01875 0.83125 0.025 0.8234375 0.03125 0.7875 0.028125 0.775 0.0171875 0.76875
0 0.6046875 0.725 0.6046875 0.7734375 0.6140625 0.784375 0.63125 0.7921875 0.6640625 0.7921875 0.6734375 0.7703125 0.6734375 0.6984375 0.6671875 0.6875 0.653125 0.6796875 0.6140625 0.6828125 0.6046875 0.725
0 0.7 0.7703125 0.7 0.821875 0.7171875 0.8265625 0.7359375 0.8234375 0.7390625 0.8125 0.75625 0.8 0.7515625 0.7703125 0.7296875 0.7625 0.7078125 0.7625 0.7 0.7703125
0 0.525 0.73125 0.5234375 0.7421875 0.5109375 0.75625 0.5140625 0.771875 0.5375 0.784375 0.565625 0.784375 0.5796875 0.7765625 0.5828125 0.753125 0.5734375 0.7109375 0.5421875 0.7109375 0.525 0.73125
0 0.5109375 0.725 0.509375 0.7609375 0.51875 0.7765625 0.5421875 0.7859375 0.5765625 0.78125 0.5984375 0.7078125 0.596875 0.6828125 0.571875 0.6671875 0.5375 0.66875 0.525 0.6828125 0.5109375 0.725
0 0.6359375 0.7625 0.6359375 0.7921875 0.64375 0.796875 0.6640625 0.79375 0.6734375 0.7734375 0.6734375 0.7609375 0.65 0.7546875 0.6390625 0.75625 0.6359375 0.7625