0 0.7015625 0.39375 0.696875 0.4109375 0.7140625 0.43125 0.75 0.43125 0.76875 0.4125 0.7578125 0.3984375 0.734375 0.3859375 0.7125 0.3859375 0.7015625 0.39375
0 0.6390625 0.9296875 0.6359375 0.940625 0.6484375 0.95 0.6453125 0.9578125 0.65 0.9640625 0.721875 0.9921875 0.75 0.9921875 0.7671875 0.98125 0.775 0.96875 0.7640625 0.9484375 0.684375 0.9171875 0.65625 0.9171875 0.6390625 0.9296875
0 0.00625 0.2515625 0 0.2515625 0 0.31875 0.028125 0.3171875 0.05 0.30625 0.05 0.2953125 0.0359375 0.2875 0.03125 0.26875 0.0203125 0.25625 0.00625 0.2515625
0 0.6765625 0.878125 0.675 0.8875 0.684375 0.9078125 0.75 0.93125 0.7734375 0.946875 0.8 0.946875 0.8234375 0.9296875 0.8234375 0.9171875 0.803125 0.9 0.715625 0.8625 0.69375 0.8625 0.6765625 0.878125
0 0.1296875 0.8984375 0.05625 0.875 0.0515625 0.878125 0.025 0.8734375 0 0.84375 0.0046875 0.85 0 0.8517187500000001 0.0109375 0.859375 0 0.8596875 0 0.9234375 0.0046875 0.9328125 0 0.9609375 0.0046875 0.98125 0 0.9921875 0.0046875 0.9921875 0.0015625 0.9875 0.009375 0.9796875 0.0296875 0.9796875 0.0359375 0.984375 0.025 0.9921875 0.03359375 0.9921875 0.0375 0.9859375 0.0421875 0.9921875 0.06875 0.9953125 0.1734375 0.9953125 0.184375 0.9921875 0.209375 0.971875 0.2109375 0.9609375 0.2046875 0.9484375 0.184375 0.925 0.1578125 0.915625 0.1296875 0.8984375
0 0.1609375 0.5234375 0.15 0.5359375 0.15 0.5546875 0.15625 0.5671875 0.1734375 0.58125 0.2140625 0.59375 0.2359375 0.58125 0.2484375 0.5671875 0.246875 0.55625 0.2125 0.53125 0.2015625 0.53125 0.1921875 0.5234375 0.1609375 0.5234375
0 0.2359375 0.50625 0.240625 0.51875 0.3 0.55 0.3171875 0.55 0.3296875 0.5375 0.325 0.5 0.309375 0.4890625 0.2859375 0.4875 0.2359375 0.50625
0 0.6171875 0.4875 0.6109375 0.4953125 0.6109375 0.5046875 0.63125 0.5296875 0.659375 0.53125 0.6984375 0.5546875 0.7296875 0.5546875 0.725 0.5234375 0.6859375 0.503125 0.671875 0.4890625 0.6484375 0.4796875 0.625 0.4796875 0.6171875 0.4875
0 0.0875 0.5375 0.0859375 0.55625 0.1046875 0.571875 0.1234375 0.5765625 0.134375 0.5875 0.1671875 0.5859375 0.18125 0.596875 0.21875 0.59375 0.2484375 0.5671875 0.246875 0.5546875 0.2109375 0.525 0.1796875 0.5125 0.153125 0.5109375 0.13125 0.503125 0.11875 0.50625 0.0875 0.5375
0 0.7015625 0.38125 0.6875 0.3953125 0.6875 0.4046875 0.6953125 0.4078125 0.7109375 0.4296875 0.759375 0.43125 0.76875 0.4484375 0.7875 0.4546875 0.8 0.4546875 0.81875 0.44375 0.815625 0.4265625 0.790625 0.415625 0.7734375 0.3953125 0.7390625 0.3859375 0.7359375 0.38125 0.7015625 0.38125
0 0.6140625 0.9875 0.6125 0.9984375 0.7234375 0.9953125 0.71875 0.9890625 0.7 0.9859375 0.6609375 0.96875 0.6359375 0.96875 0.6140625 0.9875
0 0.44375 0.6796875 0.44375 0.69375 0.4625 0.7109375 0.509375 0.7140625 0.5359375 0.728125 0.5625 0.73125 0.58125 0.7296875 0.59375 0.7171875 0.59375 0.6984375 0.58125 0.6875 0.5046875 0.6625 0.4609375 0.6625 0.44375 0.6796875
0 0.6203125 0.6984375 0.6203125 0.7109375 0.63125 0.7234375 0.65625 0.725 0.6859375 0.734375 0.70625 0.728125 0.7046875 0.7109375 0.68125 0.7046875 0.675 0.6984375 0.665625 0.7046875 0.63125 0.69375 0.6203125 0.6984375
0 0.7640625 0.43125 0.7640625 0.4421875 0.7859375 0.4546875 0.8 0.4546875 0.81875 0.446875 0.8171875 0.43125 0.8 0.41875 0.7765625 0.41875 0.7640625 0.43125
0 0.0375 0.88125 0.03125 0.89375 0.0375 0.925 0.0421875 0.9265625 0.0515625 0.9546875 0.0796875 0.9796875 0.09375 0.984375 0.103125 0.98125 0.115625 0.9875 0.1734375 0.9890625 0.1921875 0.984375 0.209375 0.96875 0.2 0.9421875 0.1796875 0.9234375 0.0921875 0.8859375 0.075 0.88125 0.0546875 0.88125 0.0453125 0.8859375 0.0375 0.88125