0 0.8640625 0.878125 0.8640625 0.9546875 0.8875 0.9734375 0.9296875 0.9734375 0.9359375 0.9671875 0.9375 0.9265625 0.93125 0.9125 0.9296875 0.8671875 0.9171875 0.8546875 0.884375 0.853125 0.8671875 0.8640625 0.8640625 0.878125
0 0.2625 0.275 0.2609375 0.296875 0.26875 0.30625 0.3046875 0.3171875 0.3359375 0.3171875 0.3375 0.30625 0.3265625 0.2984375 0.325 0.275 0.3171875 0.2625 0.28125 0.2609375 0.2625 0.275
0 0.00625 0.353125 0 0.353125 0 0.39375 0.0171875 0.3953125 0.0234375 0.371875 0.01875 0.3609375 0.00625 0.353125
0 0.89375 0.9515625 0.89375 0.9734375 0.9296875 0.9734375 0.9359375 0.9609375 0.93125 0.9171875 0.921875 0.9125 0.90625 0.91875 0.89375 0.9515625
0 0.00625 0.8734375 0 0.8890625 0 0.9625 0.025 0.9609375 0.0625 0.9171875 0.0796875 0.8859375 0.0796875 0.878125 0.0734375 0.8640625 0.0453125 0.853125 0.025 0.8546875 0.00625 0.8734375
0 0.55625 0.2703125 0.5421875 0.29375 0.5421875 0.321875 0.5515625 0.3359375 0.5921875 0.353125 0.63125 0.290625 0.64375 0.278125 0.6484375 0.2609375 0.6296875 0.240625 0.5984375 0.2359375 0.5703125 0.253125 0.55625 0.2703125
0 0.3484375 0.1421875 0.34375 0.1515625 0.3453125 0.16875 0.375 0.1921875 0.3796875 0.2125 0.39375 0.2296875 0.4125 0.240625 0.4421875 0.240625 0.46875 0.2296875 0.478125 0.21875 0.475 0.1953125 0.4375 0.1625 0.4 0.1390625 0.3734375 0.1296875 0.3625 0.13125 0.3484375 0.1421875
0 0.7734375 0.875 0.7734375 0.8984375 0.7640625 0.94375 0.78125 0.95625 0.8203125 0.95625 0.8296875 0.9515625 0.8359375 0.94375 0.8421875 0.9171875 0.8421875 0.8640625 0.8265625 0.85 0.8015625 0.8484375 0.7765625 0.8625 0.7734375 0.875
0 0.6765625 0.8671875 0.675 0.884375 0.6671875 0.8984375 0.66875 0.9125 0.6875 0.925 0.7234375 0.9296875 0.7359375 0.915625 0.75625 0.8640625 0.75625 0.8234375 0.734375 0.8125 0.7109375 0.8125 0.69375 0.83125 0.6921875 0.8421875 0.6765625 0.8671875
0 0.5828125 0.940625 0.5796875 0.95625 0.6046875 0.971875 0.60625 0.9921875 0.61875 0.9875 0.621875 0.9921875 0.6359375 0.99375 0.709375 0.99375 0.71875 0.9984375 0.7859375 0.9984375 0.7921875 0.9921875 0.7875 0.98125 0.73125 0.9671875 0.7234375 0.9609375 0.6125 0.9375 0.5828125 0.940625
0 0.5234375 0.025 0.5234375 0.0421875 0.5546875 0.0609375 0.5671875 0.0609375 0.5921875 0.05 0.6 0.003125 0.55 0 0.5234375 0.025
0 0.7359375 0.471875 0.734375 0.4859375 0.7390625 0.49375 0.7734375 0.4984375 0.790625 0.484375 0.7984375 0.465625 0.7875 0.45625 0.7609375 0.4546875 0.7359375 0.471875