0 0.4484375 0.534375 0.4421875 0.546875 0.4578125 0.5734375 0.45625 0.5875 0.4625 0.5953125 0.4625 0.6046875 0.49375 0.6375 0.5046875 0.65625 0.5171875 0.6671875 0.534375 0.6734375 0.5578125 0.671875 0.5859375 0.6625 0.5875 0.64375 0.575 0.6296875 0.56875 0.6125 0.503125 0.534375 0.4875 0.525 0.4484375 0.534375
0 0.9984375 0 0.9609375 0 0.9640625 0.025 0.9828125 0.0421875 0.9984375 0.0421875 0.9984375 0
0 0.984375 0.0796875 0.98125 0.0875 0.9921875 0.10625 0.9984375 0.10625 0.9984375 0.0765625 0.984375 0.0796875
0 0.4546875 0 0.38125 0 0.39375 0.0109375 0.4125 0.0171875 0.440625 0.0125 0.4546875 0
0 0.4046875 0.33125 0.403125 0.34375 0.4171875 0.3734375 0.4375 0.409375 0.45625 0.4265625 0.4625 0.43125 0.5078125 0.43125 0.5203125 0.4234375 0.5234375 0.4046875 0.51875 0.39375 0.4671875 0.3265625 0.4484375 0.3171875 0.4234375 0.3171875 0.4046875 0.33125
0 0.95625 0.0015625 0.9546875 0.0109375 0.9609375 0.0171875 0.95625 0.028125 0.9859375 0.0703125 0.984375 0.090625 0.99375 0.10625 0.9921875 0.1015625 0.9984375 0.1 0.9984375 0.075 0.99375 0.071875 0.9984375 0.0546875 0.9984375 0 0.95625 0.0015625
0 0.9140625 0.86875 0.91875 0.90625 0.94375 0.9484375 0.975 0.9796875 0.9890625 0.984375 0.9984375 0.98125 0.9984375 0.921875 0.9921875 0.90625 0.98125 0.8984375 0.9546875 0.8625 0.9265625 0.8625 0.9140625 0.86875
0 0.7890625 0.4078125 0.7875 0.425 0.8046875 0.4484375 0.8203125 0.4953125 0.8578125 0.50625 0.8875 0.4921875 0.8859375 0.4609375 0.86875 0.4421875 0.85 0.4078125 0.8359375 0.4 0.8109375 0.4 0.7890625 0.4078125
0 0.4625 0.809375 0.4625 0.8234375 0.49375 0.865625 0.5109375 0.8734375 0.5203125 0.8703125 0.534375 0.875 0.5578125 0.8671875 0.5546875 0.85625 0.503125 0.8125 0.4890625 0.8109375 0.4734375 0.8015625 0.4625 0.809375
0 0.43671875 0.715625 0.0015625 0.003125
0 0.40625 0.7140625 0.39375 0.7234375 0.39375 0.7296875 0.403125 0.7296875 0.40625 0.7359375 0.421875 0.721875 0.43125 0.7296875 0.434375 0.7234375 0.43125 0.7171875 0.41875 0.721875 0.40625 0.7140625
0 0.3453125 0.59375 0.33125 0.6125 0.3328125 0.625 0.3421875 0.625 0.35625 0.6125 0.4125 0.59375 0.4484375 0.59375 0.4578125 0.6109375 0.484375 0.6390625 0.48125 0.6484375 0.490625 0.6484375 0.5 0.6625 0.5234375 0.6734375 0.55 0.675 0.5859375 0.665625 0.59375 0.65625 0.5921875 0.64375 0.5734375 0.6234375 0.571875 0.6125 0.5546875 0.596875 0.5296875 0.5609375 0.490625 0.5234375 0.4625 0.5265625 0.4390625 0.5375 0.4421875 0.5546875 0.446875 0.5578125 0.4421875 0.56875 0.3453125 0.59375
0 0.709375 0.2078125 0.7078125 0.23125 0.7296875 0.2546875 0.7390625 0.2578125 0.7625 0.296875 0.7875 0.3 0.81875 0.2859375 0.8171875 0.26875 0.7640625 0.2015625 0.7546875 0.1953125 0.7421875 0.1953125 0.709375 0.2078125
0 0.4609375 0.5765625 0.45625 0.584375 0.4765625 0.6203125 0.5171875 0.6671875 0.55 0.6734375 0.5734375 0.6671875 0.5859375 0.65625 0.5859375 0.64375 0.5765625 0.6359375 0.5671875 0.6140625 0.5234375 0.5640625 0.496875 0.5625 0.4609375 0.5765625
0 0.6921875 0.8640625 0.690625 0.8796875 0.7046875 0.9 0.725 0.9546875 0.7390625 0.9734375 0.7484375 0.9796875 0.796875 0.9796875 0.8171875 0.9640625 0.8171875 0.9515625 0.8109375 0.940625 0.7375 0.85625 0.7109375 0.8546875 0.6921875 0.8640625
0 0.5171875 0.15 0.5109375 0.1609375 0.51875 0.1796875 0.5546875 0.2171875 0.5546875 0.2234375 0.5734375 0.2484375 0.625 0.240625 0.6296875 0.234375 0.625 0.2203125 0.603125 0.1875 0.5625 0.1421875 0.546875 0.1390625 0.5171875 0.15
0 0.5171875 0.0078125 0.5125 0.0203125 0.5203125 0.034375 0.575 0.109375 0.5921875 0.1171875 0.6046875 0.115625 0.63125 0.0921875 0.63125 0.084375 0.6140625 0.0578125 0.56875 0.003125 0.534375 0 0.5171875 0.0078125