0 0.275 0.7609375 0.2671875 0.784375 0.2609375 0.7875 0.2609375 0.796875 0.3 0.81875 0.3234375 0.8015625 0.34375 0.8015625 0.375 0.7671875 0.371875 0.759375 0.3421875 0.7625 0.303125 0.74375 0.290625 0.7453125 0.275 0.7609375
0 0.721875 0.8125 0.71875 0.8265625 0.7296875 0.8375 0.790625 0.8671875 0.8046875 0.86875 0.8171875 0.8796875 0.8421875 0.884375 0.859375 0.88125 0.878125 0.8625 0.875 0.85 0.8609375 0.8375 0.7859375 0.8046875 0.7390625 0.796875 0.721875 0.8125
0 0.4078125 0.5578125 0.4078125 0.5734375 0.4515625 0.603125 0.4625 0.6046875 0.4890625 0.63125 0.53125 0.63125 0.5390625 0.625 0.5484375 0.625 0.5609375 0.6 0.5375 0.5765625 0.490625 0.5546875 0.4515625 0.54375 0.4265625 0.540625 0.4078125 0.5578125
0 0.0046875 0.975 0 0.978125 0 0.9984375 0.125 0.9984375 0.125 0.9921875 0.1171875 0.9859375 0.1171875 0.975 0.1046875 0.9640625 0.0921875 0.9609375 0.0046875 0.975
0 0.26875 0.5234375 0.2359375 0.55625 0.2375 0.56875 0.259375 0.5734375 0.2640625 0.56875 0.2859375 0.565625 0.31875 0.534375 0.3296875 0.5140625 0.30625 0.49375 0.26875 0.5234375
0 0.8953125 0.7453125 0.8921875 0.771875 0.8984375 0.7796875 0.9375 0.796875 0.9703125 0.8046875 0.9921875 0.81875 0.9984375 0.8171875 0.996875 0.7625 0.9546875 0.74375 0.9171875 0.734375 0.8953125 0.7453125
0 0.2703125 0.76875 0.26875 0.7796875 0.2609375 0.7875 0.2609375 0.7984375 0.2921875 0.8171875 0.296875 0.8421875 0.30625 0.846875 0.34375 0.84375 0.3625 0.8265625 0.3640625 0.815625 0.3484375 0.80625 0.3484375 0.79375 0.375 0.7671875 0.375 0.7609375 0.3421875 0.7625 0.3 0.74375 0.290625 0.7453125 0.2703125 0.76875
0 0.1171875 0.8671875 0.115625 0.8796875 0.125 0.89375 0.1875 0.9171875 0.225 0.940625 0.240625 0.940625 0.26875 0.9234375 0.26875 0.90625 0.259375 0.89375 0.2171875 0.875 0.20625 0.875 0.1515625 0.853125 0.1265625 0.8546875 0.1171875 0.8671875
0 0.2921875 0.5625 0.2921875 0.5796875 0.3296875 0.5875 0.3375 0.59375 0.3546875 0.59375 0.375 0.58125 0.3921875 0.553125 0.4 0.5515625 0.4046875 0.540625 0.403125 0.5203125 0.38125 0.50625 0.35 0.50625 0.2921875 0.5625
0 0.2359375 0.55625 0.234375 0.5640625 0.2421875 0.571875 0.2796875 0.56875 0.2921875 0.5796875 0.3234375 0.5875 0.3296875 0.59375 0.3625 0.59375 0.403125 0.55625 0.4046875 0.5203125 0.384375 0.50625 0.359375 0.5046875 0.33125 0.5109375 0.30625 0.49375 0.29375 0.5 0.2359375 0.55625
0 0.5515625 0.7296875 0.54375 0.7421875 0.546875 0.759375 0.575 0.7796875 0.6171875 0.8 0.6421875 0.8046875 0.65625 0.8171875 0.671875 0.81875 0.6921875 0.8125 0.7046875 0.7984375 0.70625 0.7875 0.6921875 0.7703125 0.6171875 0.73125 0.5796875 0.71875 0.5671875 0.71875 0.5515625 0.7296875
0 0.5625 0.75625 0.5609375 0.76875 0.5765625 0.7796875 0.6296875 0.8046875 0.6484375 0.8046875 0.6609375 0.8171875 0.6890625 0.8125 0.7046875 0.796875 0.7046875 0.7875 0.690625 0.7734375 0.6484375 0.7671875 0.596875 0.74375 0.5765625 0.7453125 0.5625 0.75625
0 0.5828125 0.6171875 0.58125 0.6359375 0.5875 0.646875 0.6171875 0.6625 0.625 0.6625 0.6453125 0.675 0.671875 0.6796875 0.6828125 0.6875 0.7046875 0.6875 0.7109375 0.6796875 0.7109375 0.6671875 0.7046875 0.6640625 0.70625 0.6453125 0.6921875 0.6375 0.6765625 0.634375 0.6171875 0.60625 0.5984375 0.6046875 0.5828125 0.6171875
0 0.734375 0.6875 0.73125 0.69375 0.74375 0.70625 0.78125 0.71875 0.8015625 0.734375 0.8359375 0.7484375 0.853125 0.7484375 0.8703125 0.7296875 0.8671875 0.7140625 0.853125 0.6984375 0.7953125 0.675 0.75625 0.66875 0.74375 0.675 0.734375 0.6875