0 0.90625 0.29375 0.9046875 0.3203125 0.9125 0.3421875 0.921875 0.3484375 0.971875 0.3546875 0.9859375 0.3546875 0.9984375 0.3484375 0.9984375 0.2359375 0.98125 0.23125 0.9421875 0.23125 0.9328125 0.2359375 0.925 0.25 0.921875 0.278125 0.90625 0.29375
0 0.6640625 0.0015625 0.6625 0.0046875 0.671875 0.0109375 0.6875 0.0125 0.7109375 0.00625 0.7171875 0 0.6640625 0.0015625
0 0.9265625 0.246875 0.9265625 0.2671875 0.9375 0.2703125 0.94375 0.278125 0.9484375 0.275 0.9578125 0.28125 0.975 0.2828125 0.9984375 0.278125 0.9984375 0.2359375 0.9859375 0.23125 0.940625 0.23125 0.9265625 0.246875
0 0.909375 0.365625 0.90625 0.39375 0.91875 0.4109375 0.9359375 0.415625 0.9984375 0.4125 0.9984375 0.359375 0.921875 0.3546875 0.909375 0.365625
0 0.003125 0.83125 0 0.99375 0.0375 0.99375 0.034375 0.98125 0.046875 0.9359375 0.04375 0.878125 0.03125 0.8671875 0.01875 0.84375 0.003125 0.83125
0 0.90625 0.29375 0.9046875 0.3203125 0.9140625 0.34375 0.975 0.3546875 0.9984375 0.3484375 0.9984375 0.2921875 0.9171875 0.2828125 0.90625 0.29375
0 0.7171875 0 0.6703125 0 0.66875 0.0078125 0.6625 0 0.65625 0.00625 0.6546875 0 0.5921875 0.0015625 0.6 0.0109375 0.69375 0.0109375 0.7171875 0
0 0.0015625 0.0015625 0 0.1265625 0.0078125 0.146875 0.00625 0.1640625 0 0.16875 0.0046875 0.2359375 0 0.2515625 0 0.3015625 0.0125 0.3109375 0.1578125 0.3234375 0.1734375 0.265625 0.184375 0.24375 0.1875 0.2203125 0.1921875 0.2171875 0.20625 0.165625 0.2234375 0.1296875 0.2359375 0.0828125 0.25 0.0734375 0.2484375 0.05625 0.2 0 0.0015625 0.0015625
0 0.0515625 0.0546875 0.05 0.0609375 0.0625 0.0765625 0.0703125 0.10625 0.1109375 0.115625 0.1328125 0.1109375 0.1296875 0.0796875 0.1109375 0.05 0.0578125 0.0484375 0.0515625 0.0546875
0 0.1171875 0 0.075 0 0.075 0.015625 0.0890625 0.0359375 0.1 0.0421875 0.1375 0.0421875 0.1484375 0.0375 0.15625 0.028125 0.15625 0.0203125 0.1359375 0.0046875 0.1171875 0
0 0.4875 0.36875 0.48125 0.375 0.4921875 0.3875 0.4859375 0.4109375 0.528125 0.40625 0.5375 0.4171875 0.5890625 0.4109375 0.5859375 0.3734375 0.5734375 0.3546875 0.51875 0.3546875 0.496875 0.36875 0.4875 0.36875
0 0.5078125 0.1765625 0.50625 0.2046875 0.5109375 0.2171875 0.525 0.225 0.6484375 0.2234375 0.659375 0.21875 0.665625 0.209375 0.65625 0.16875 0.6375 0.1578125 0.5671875 0.1578125 0.53125 0.1640625 0.5078125 0.1765625
0 0.01875 0.9796875 0 0.9796875 0 0.9953125 0.0421875 0.9984375 0.0421875 0.9921875 0.03125 0.98125 0.01875 0.9796875
0 0.9171875 0.3234375 0.9125 0.3375 0.921875 0.3484375 0.9515625 0.35 0.9609375 0.3546875 0.9875 0.3546875 0.9984375 0.35 0.9984375 0.3234375 0.9296875 0.3140625 0.9171875 0.3234375