0 0.05 0.1875 0.05 0.2109375 0.0625 0.2296875 0.08125 0.23125 0.0921875 0.2234375 0.1 0.1921875 0.084375 0.1625 0.06875 0.1609375 0.0609375 0.165625 0.05 0.1875
0 0.6203125 0.625 0.61875 0.6375 0.625 0.6484375 0.640625 0.6484375 0.6515625 0.6546875 0.74375 0.6625 0.75625 0.6484375 0.75625 0.63125 0.75 0.625 0.65 0.6109375 0.625 0.6125 0.6203125 0.625
0 0.0046875 0.7859375 0 0.7875 0 0.83125 0.0046875 0.8390625 0.028125 0.84375 0.046875 0.8359375 0.05 0.8015625 0.03125 0.7875 0.0046875 0.7859375
0 0.2375 0.4875 0.2359375 0.5140625 0.240625 0.51875 0.2671875 0.5234375 0.3609375 0.525 0.3734375 0.5203125 0.3796875 0.50625 0.3703125 0.4875 0.2734375 0.48125 0.2484375 0.48125 0.2375 0.4875
0 0.00625 0.3375 0.00625 0.346875 0 0.3546875 0 0.3859375 0.00625 0.4046875 0.0265625 0.4125 0.0375 0.4 0.0421875 0.38125 0.0484375 0.375 0.0484375 0.3625 0.03125 0.3375 0.0203125 0.3328125 0.00625 0.3375
0 0.6140625 0.0375 0.609375 0.0671875 0.59375 0.0875 0.6046875 0.1109375 0.6375 0.1234375 0.696875 0.1296875 0.7109375 0.1390625 0.734375 0.1359375 0.7484375 0.125 0.753125 0.10625 0.7421875 0.08125 0.75625 0.06875 0.7609375 0.0546875 0.753125 0.0421875 0.753125 0.03125 0.7296875 0.025 0.6875 0.0234375 0.6796875 0.01875 0.65 0.01875 0.63125 0.025 0.6140625 0.0375
0 0.5984375 0.0828125 0.6 0.10625 0.6375 0.1234375 0.696875 0.1296875 0.7078125 0.1390625 0.7234375 0.1390625 0.734375 0.1359375 0.75 0.1203125 0.75 0.0984375 0.7421875 0.0890625 0.7296875 0.084375 0.70625 0.0859375 0.675 0.075 0.6328125 0.075 0.625 0.06875 0.609375 0.06875 0.5984375 0.0828125
0 0.3765625 0.0796875 0.375 0.1109375 0.3796875 0.115625 0.39375 0.125 0.4171875 0.125 0.4328125 0.1171875 0.4484375 0.09375 0.4484375 0.0578125 0.4546875 0.0375 0.4484375 0.01875 0.425 0.00625 0.403125 0.00625 0.3875 0.0328125 0.3765625 0.0796875
0 0.59375 0.3265625 0.5890625 0.3296875 0.59375 0.3359375 0.59375 0.3265625
0 0.5 0.2796875 0.49375 0.3125 0.51875 0.33125 0.5453125 0.3375 0.575 0.3234375 0.5921875 0.3234375 0.5921875 0.3015625 0.58125 0.290625 0.58125 0.28125 0.5734375 0.2703125 0.5625 0.2609375 0.5421875 0.2546875 0.5203125 0.2546875 0.5 0.2796875
0 0.003125 0 0 0.034375 0.040625 0.0421875 0.0734375 0.040625 0.0625 0 0.003125 0
0 0.95625 0.49375 0.9578125 0.5234375 0.9984375 0.534375 0.9984375 0.484375 0.9734375 0.48125 0.959375 0.4875 0.95625 0.49375