0 0.96875 0.06875 0.9671875 0.0890625 0.94375 0.125 0.94375 0.1375 0.9640625 0.153125 0.9875 0.15625 0.9984375 0.15 0.9984375 0.04375 0.9765625 0.05625 0.96875 0.06875
0 0.1390625 0.6828125 0.1421875 0.696875 0.171875 0.6984375 0.1875 0.7109375 0.2078125 0.7078125 0.2640625 0.71875 0.2765625 0.71875 0.2859375 0.7109375 0.28125 0.6875 0.2671875 0.6796875 0.153125 0.6671875 0.1390625 0.6828125
0 0.2703125 0.96875 0.26875 0.9859375 0.275 0.9984375 0.44375 0.9984375 0.4484375 0.9921875 0.4484375 0.984375 0.43125 0.9734375 0.375 0.975 0.3 0.9578125 0.278125 0.9609375 0.2703125 0.96875
0 0.89375 0.46875 0.8921875 0.4875 0.88125 0.50625 0.88125 0.5921875 0.8859375 0.6140625 0.90625 0.625 0.94375 0.625 0.96875 0.596875 0.9921875 0.55 0.9921875 0.5234375 0.9796875 0.5171875 0.975 0.4875 0.9609375 0.46875 0.915625 0.4625 0.9 0.4625 0.89375 0.46875
0 0.0046875 0.9265625 0 0.9296875 0 0.96875 0.0859375 0.978125 0.10625 0.9640625 0.10625 0.9421875 0.096875 0.93125 0.0046875 0.9265625
0 0.825 0.425 0.8125 0.48125 0.8375 0.496875 0.859375 0.4984375 0.8734375 0.4921875 0.8859375 0.478125 0.89375 0.4609375 0.89375 0.4390625 0.90625 0.421875 0.909375 0.40625 0.89375 0.3859375 0.853125 0.3859375 0.83125 0.4078125 0.8296875 0.421875 0.825 0.425
0 0.8859375 0.5734375 0.8875 0.6171875 0.90625 0.625 0.94375 0.625 0.9671875 0.5984375 0.9796875 0.5625 0.9921875 0.5421875 0.9921875 0.53125 0.9828125 0.5234375 0.925 0.51875 0.9125 0.5265625 0.90625 0.5484375 0.8859375 0.5734375
0 0.6734375 0.8328125 0.671875 0.8625 0.6796875 0.884375 0.6921875 0.8921875 0.7109375 0.89375 0.73125 0.8859375 0.75 0.8859375 0.7609375 0.878125 0.7609375 0.8625 0.7421875 0.8453125 0.7484375 0.79375 0.7234375 0.7765625 0.70625 0.7765625 0.69375 0.7859375 0.6828125 0.8 0.6734375 0.8328125
0 0.6875 0.85625 0.68125 0.884375 0.696875 0.89375 0.746875 0.8859375 0.7609375 0.875 0.7609375 0.8640625 0.7546875 0.85625 0.734375 0.85 0.7015625 0.846875 0.6875 0.85625
0 0.71875 0.7015625 0.71875 0.74375 0.7421875 0.7546875 0.765625 0.75625 0.7875 0.7234375 0.7921875 0.6921875 0.7984375 0.6875 0.8046875 0.66875 0.784375 0.6484375 0.7546875 0.6453125 0.7390625 0.659375 0.71875 0.7015625
0 0.8703125 0.296875 0.86875 0.334375 0.85625 0.35625 0.85625 0.3671875 0.86875 0.375 0.9015625 0.3796875 0.925 0.3609375 0.9375 0.3359375 0.94375 0.303125 0.9484375 0.2984375 0.946875 0.2859375 0.9265625 0.2640625 0.909375 0.2609375 0.8875 0.2734375 0.8703125 0.296875