0 0.0171875 0.8125 0 0.81875 0 0.8671875 0.0359375 0.853125 0.0578125 0.8328125 0.0578125 0.825 0.040625 0.8125 0.0171875 0.8125
0 0.0765625 0.9640625 0.075 0.9984375 0.13125 0.9984375 0.1296875 0.9734375 0.1203125 0.9640625 0.0765625 0.9640625
0 0.7453125 0.9484375 0.74375 0.9625 0.7546875 0.98125 0.7546875 0.9984375 0.89375 0.9984375 0.8984375 0.99375 0.9015625 0.96875 0.8953125 0.9578125 0.88125 0.9484375 0.7734375 0.9359375 0.75625 0.9375 0.7453125 0.9484375
0 0.003125 0.9625 0 0.9984375 0.034375 0.9984375 0.025 0.975 0.0125 0.9640625 0.003125 0.9625
0 0.1703125 0.984375 0.1671875 0.9984375 0.2234375 0.9984375 0.2234375 0.9921875 0.2078125 0.9796875 0.178125 0.9796875 0.1703125 0.984375
0 0.1125 0.234375 0.1015625 0.2359375 0.1109375 0.275 0.15625 0.275 0.1609375 0.28125 0.228125 0.2859375 0.24375 0.2921875 0.259375 0.2921875 0.2625 0.2859375 0.2609375 0.25 0.184375 0.24375 0.1734375 0.2375 0.1125 0.234375
0 0.3265625 0.9921875 0.3234375 0.9984375 0.3415625 0.9984375 0.346875 0.99375 0.350625 0.9984375 0.36875 0.9984375 0.3546875 0.9921875 0.3265625 0.9921875
0 0.2609375 0.9890625 0.2484375 0.9953125 0.2421875 0.9921875 0.24375 0.9984375 0.2518234375 0.9984375 0.2578125 0.9921875 0.2625 0.9921875 0.2598953125 0.9984375 0.2921875 0.9984375 0.2859375 0.9921875 0.2609375 0.9890625
0 0.15625 0.9890625 0.15625 0.9984375 0.234375 0.9984375 0.2109375 0.9796875 0.2 0.978125 0.1734375 0.9796875 0.15625 0.9890625
0 0.0125 0.9625 0 0.9625 0 0.9984375 0.046875 0.9984375 0.046875 0.9921875 0.03125 0.9828125 0.0296875 0.9734375 0.0125 0.9625
0 0.075 0.9640625 0.059375 0.9890625 0.0515625 0.99375 0.06875 0.9875 0.0734375 0.9984375 0.15 0.9984375 0.146875 0.9875 0.1359375 0.9875 0.1234375 0.9640625 0.075 0.9640625
0 0.075 0.2296875 0.0734375 0.2453125 0.0859375 0.26875 0.1 0.271875 0.1109375 0.2859375 0.1265625 0.290625 0.178125 0.2921875 0.1984375 0.3 0.2765625 0.3 0.296875 0.26875 0.296875 0.259375 0.2828125 0.2515625 0.23125 0.24375 0.1953125 0.24375 0.1734375 0.2359375 0.14375 0.2359375 0.1296875 0.23125 0.075 0.2296875
0 0.571875 0.8875 0.56875 0.9015625 0.5734375 0.9109375 0.590625 0.9109375 0.5921875 0.9234375 0.6 0.9296875 0.61875 0.925 0.64375 0.940625 0.6984375 0.940625 0.70625 0.9375 0.7171875 0.91875 0.71875 0.8984375 0.6859375 0.8859375 0.58125 0.878125 0.571875 0.8875