0 0.3625 0.60625 0.3640625 0.6390625 0.38125 0.65625 0.390625 0.659375 0.3953125 0.6734375 0.4390625 0.7109375 0.4671875 0.70625 0.4859375 0.6921875 0.484375 0.6828125 0.46875 0.665625 0.46875 0.65625 0.425 0.60625 0.409375 0.5984375 0.3796875 0.6 0.3625 0.60625
0 0.9015625 0.6765625 0.9015625 0.6984375 0.9296875 0.728125 0.9671875 0.759375 0.9984375 0.76875 0.9984375 0.71875 0.9609375 0.6796875 0.9375 0.6671875 0.915625 0.66875 0.9015625 0.6765625
0 0.0046875 0.55625 0 0.55625 0 0.6484375 0.0359375 0.6484375 0.0546875 0.628125 0.0421875 0.609375 0.0421875 0.6 0.0046875 0.55625
0 0.23125 0.5890625 0.2359375 0.6171875 0.2859375 0.6734375 0.3171875 0.6859375 0.33125 0.6859375 0.3375 0.6765625 0.3359375 0.6453125 0.2796875 0.5859375 0.2546875 0.58125 0.23125 0.5890625
0 0.096875 0.5734375 0.0890625 0.58125 0.09375 0.60625 0.10625 0.6171875 0.115625 0.61875 0.1484375 0.659375 0.171875 0.675 0.1921875 0.6765625 0.209375 0.671875 0.209375 0.64375 0.1921875 0.6140625 0.1609375 0.5828125 0.1375 0.56875 0.10625 0.56875 0.096875 0.5734375
0 0.50625 0.6234375 0.5125 0.659375 0.540625 0.6796875 0.5515625 0.70625 0.5578125 0.7109375 0.5734375 0.7109375 0.596875 0.6984375 0.5921875 0.665625 0.5859375 0.6609375 0.5796875 0.6390625 0.565625 0.615625 0.54375 0.60625 0.53125 0.60625 0.5125 0.6140625 0.50625 0.6234375
0 0.9765625 0.99609375 0.003125 0.0046875
0 0.9921875 0.9921875 0.9796875 0.9921875 0.9796875 0.996875 0.9921875 0.9984375 0.9921875 0.9921875
0 0.95 0.99375 0.9484375 0.9984375 0.95625 0.9921875 0.95 0.99375
0 0.6203125 0.9890625 0.61875 0.9921875 0.6234375 0.9921875 0.6203125 0.9890625
0 0.4 0.9125 0.4 0.9546875 0.40625 0.9609375 0.40625 0.96875 0.425 0.9859375 0.4484375 0.99375 0.4921875 0.9921875 0.50625 0.9984375 0.5296875 0.9984375 0.534375 0.99375 0.5953125 0.99375 0.6 0.9921875 0.6 0.9796875 0.640625 0.9796875 0.6421875 0.9875 0.64375 0.984375 0.659375 0.9984375 0.8 0.9984375 0.8015625 0.99375 0.8 0.975 0.7921875 0.9609375 0.7671875 0.9375 0.7515625 0.93125 0.6484375 0.921875 0.584375 0.909375 0.546875 0.909375 0.5078125 0.8984375 0.475 0.8984375 0.4265625 0.8890625 0.4125 0.8921875 0.4 0.9125
0 0.6359375 0.6390625 0.63125 0.65625 0.6484375 0.68125 0.6625 0.728125 0.6984375 0.7296875 0.715625 0.721875 0.721875 0.7109375 0.7109375 0.6875 0.6984375 0.6765625 0.6921875 0.6453125 0.6703125 0.634375 0.6359375 0.6390625