0 0.0078125 0.0375 0.0109375 0.05 0.00625 0.059375 0.00625 0.0796875 0.0125 0.084375 0.0125 0.0921875 0 0.1 0 0.1234375 0.00625 0.1296875 0.028125 0.1296875 0.028125 0.0984375 0.0421875 0.0890625 0.0484375 0.059375 0.06875 0.0421875 0.06875 0.0296875 0.0671875 0.025 0.0390625 0.0125 0.01875 0.0125 0.0078125 0.0375
0 0.3296875 0 0.296875 0 0.3109375 0.0109375 0.325 0.0109375 0.33125 0.00625 0.3296875 0
0 0.3328125 0.725 0.33125 0.7453125 0.3375 0.7546875 0.38125 0.7640625 0.4140625 0.7625 0.43125 0.76875 0.4625 0.7671875 0.484375 0.7390625 0.484375 0.725 0.475 0.71875 0.4078125 0.7078125 0.3484375 0.7109375 0.3328125 0.725
0 0.49375 0.240625 0.4890625 0.2734375 0.49375 0.28125 0.5203125 0.296875 0.5421875 0.2984375 0.5734375 0.2734375 0.5765625 0.2265625 0.571875 0.20625 0.5609375 0.1921875 0.5203125 0.1875 0.49375 0.240625
0 0.81875 0 0.7390625 0 0.7390625 0.00625 0.7625 0.0234375 0.7921875 0.0296875 0.81875 0.0125 0.81875 0
0 0.85625 0.3640625 0.8546875 0.39375 0.8625 0.3984375 0.9453125 0.4046875 0.9546875 0.3796875 0.95625 0.3484375 0.8796875 0.3328125 0.8625 0.3390625 0.85625 0.3640625
0 0.6796875 0.196875 0.6765625 0.2234375 0.68125 0.23125 0.6953125 0.234375 0.7125 0.246875 0.7296875 0.246875 0.753125 0.2171875 0.75625 0.1609375 0.7296875 0.14375 0.7109375 0.14375 0.6984375 0.1546875 0.6796875 0.196875
0 0.00625 0.14375 0 0.14375 0 0.1734375 0.0109375 0.171875 0.01875 0.1609375 0.01875 0.153125 0.00625 0.14375
0 0.0078125 0.0609375 0.0078125 0.0765625 0.01875 0.0921875 0.040625 0.0921875 0.040625 0.06875 0.0203125 0.0546875 0.0125 0.0546875 0.0078125 0.0609375
0 0.0109375 0.09375 0 0.09375 0 0.1265625 0.0140625 0.13125 0.0296875 0.1296875 0.0296875 0.10625 0.0109375 0.09375
0 0.0015625 0.1921875 0 0.2046875 0.0046875 0.2 0.0015625 0.1921875
0 0.0078125 0.01875 0.0046875 0.025 0 0.0234375 0 0.0296875 0.0109375 0.0421875 0.00625 0.090625 0 0.09375 0 0.1734375 0.0109375 0.171875 0.0203125 0.1609375 0.01875 0.1375 0.03125 0.1296875 0.034375 0.1203125 0.03125 0.1 0.0421875 0.0890625 0.05 0.05625 0.06875 0.0421875 0.06875 0.0296875 0.05625 0.01875 0.0390625 0.0125 0.01875 0.0125 0.0078125 0.01875
0 0.446875 0 0.3326390625 0 0.334375 0.0078125 0.31875 0.0078125 0.3244796875 0 0.3 0 0.3 0.0046875 0.3171875 0.0109375 0.346875 0.0125 0.3859375 0.028125 0.4140625 0.0296875 0.43125 0.025 0.44375 0.0109375 0.446875 0
0 0.0140625 0.0203125 0.0140625 0.05 0.05 0.0546875 0.0671875 0.0421875 0.0671875 0.028125 0.05625 0.01875 0.040625 0.0125 0.0203125 0.0125 0.0140625 0.0203125