0 0.85 0.125 0.85 0.153125 0.8609375 0.1609375 0.95625 0.1734375 0.990625 0.16875 0.9984375 0.1625 0.9984375 0.125 0.978125 0.1125 0.884375 0.10625 0.859375 0.1125 0.85 0.125
0 0.5828125 0.178125 0.58125 0.1859375 0.5890625 0.2046875 0.60625 0.2265625 0.625 0.2375 0.6484375 0.2265625 0.6421875 0.215625 0.64375 0.190625 0.6546875 0.1859375 0.65625 0.178125 0.646875 0.1625 0.6109375 0.1609375 0.5828125 0.178125
0 0.0078125 0.0671875 0 0.0671875 0 0.1171875 0.0078125 0.1234375 0.06875 0.13125 0.0890625 0.125 0.0984375 0.115625 0.1 0.096875 0.0859375 0.08125 0.046875 0.0734375 0.025 0.075 0.0078125 0.0671875
0 0.09375 0 0.05 0 0.0203125 0.003125 0.0171875 0.0078125 0 0 0 0.0078125 0.0125 0.0125 0.0078125 0.025 0.0109375 0.028125 0 0.040625 0 0.1234375 0.028125 0.13125 0.03125 0.1359375 0.0671875 0.1359375 0.09375 0.125 0.1109375 0.0953125 0.125 0.0859375 0.1359375 0.0171875 0.1234375 0.00625 0.09375 0
0 0.584375 0.175 0.58125 0.1859375 0.5921875 0.2015625 0.5921875 0.209375 0.6203125 0.2484375 0.6140625 0.2859375 0.625 0.2921875 0.64375 0.29375 0.6515625 0.3125 0.6625 0.31875 0.6984375 0.3171875 0.7359375 0.296875 0.7359375 0.2875 0.721875 0.275 0.7109375 0.2515625 0.6828125 0.221875 0.675 0.2 0.6453125 0.1625 0.6109375 0.1609375 0.584375 0.175
0 0.2109375 0.0359375 0.2109375 0.05 0.2421875 0.0734375 0.28125 0.075 0.3328125 0.09375 0.3546875 0.0921875 0.36875 0.0671875 0.36875 0.0515625 0.3609375 0.0390625 0.3375 0.03125 0.23125 0.01875 0.2234375 0.0203125 0.2109375 0.0359375
0 0.00625 0.04375 0 0.05 0 0.1203125 0.025 0.1296875 0.0625 0.1328125 0.08125 0.1296875 0.0984375 0.1171875 0.1046875 0.0890625 0.1109375 0.084375 0.10625 0.0734375 0.1 0.06875 0.0890625 0.0734375 0.084375 0.06875 0.0578125 0.065625 0.0484375 0.0546875 0.0234375 0.05 0.0140625 0.0421875 0.00625 0.04375
0 0.5875 0.1734375 0.58125 0.1859375 0.5890625 0.1953125 0.5890625 0.2046875 0.6234375 0.240625 0.625 0.25 0.65 0.240625 0.6921875 0.24375 0.69375 0.234375 0.6796875 0.2171875 0.675 0.1953125 0.665625 0.1890625 0.6515625 0.165625 0.6234375 0.1578125 0.6046875 0.1625 0.5875 0.1734375
0 0.61875 0.2640625 0.6203125 0.2875 0.64375 0.2953125 0.6515625 0.3125 0.6671875 0.321875 0.7 0.3171875 0.7359375 0.2984375 0.7359375 0.2875 0.725 0.278125 0.7109375 0.25 0.7015625 0.24375 0.6484375 0.24375 0.63125 0.2515625 0.61875 0.2640625
0 0.0546875 0 0 0 0 0.0125 0.034375 0.0109375 0.0546875 0
0 0.403125 0.0640625 0.4 0.075 0.409375 0.09375 0.43125 0.1046875 0.4609375 0.10625 0.5 0.1171875 0.5453125 0.1171875 0.5609375 0.0984375 0.5609375 0.0859375 0.546875 0.065625 0.5359375 0.0578125 0.5109375 0.0515625 0.4265625 0.0484375 0.4109375 0.0546875 0.403125 0.0640625
0 0.6515625 0.2890625 0.6515625 0.3109375 0.6625 0.31875 0.6984375 0.3171875 0.728125 0.3046875 0.7359375 0.296875 0.7296875 0.28125 0.7015625 0.2640625 0.6515625 0.2890625