0 0.8671875 0.2546875 0.8640625 0.2859375 0.875 0.296875 0.896875 0.3 0.9171875 0.3171875 0.946875 0.3234375 0.95625 0.33125 0.984375 0.33125 0.9984375 0.3234375 0.9984375 0.275 0.9421875 0.2515625 0.9078125 0.2484375 0.9015625 0.24375 0.8796875 0.24375 0.8671875 0.2546875
0 0.8390625 0.484375 0.8296875 0.5046875 0.8109375 0.5265625 0.8109375 0.5328125 0.8265625 0.5421875 0.8625 0.5484375 0.88125 0.5359375 0.8859375 0.5234375 0.9171875 0.4875 0.9234375 0.4703125 0.90625 0.4578125 0.875 0.4546875 0.8671875 0.45625 0.8390625 0.484375
0 0.0109375 0.1375 0 0.1375 0 0.2359375 0.0140625 0.24375 0.034375 0.246875 0.0296875 0.2140625 0.040625 0.209375 0.0375 0.2 0.0484375 0.178125 0.05 0.15625 0.04375 0.15625 0.028125 0.1421875 0.0109375 0.1375
0 0.0125 0.1375 0 0.1375 0.003125 0.1984375 0.0171875 0.1921875 0.034375 0.1921875 0.040625 0.178125 0.0375 0.15 0.0125 0.1375
0 0.0484375 0 0.003125 0 0.003125 0.00625 0.025 0.0171875 0.0375 0.0171875 0.0484375 0
0 0.63125 0.9796875 0.625 0.9921875 0.6296875 0.9984375 0.8 0.9984375 0.8046875 0.99375 0.815625 0.9984375 0.9046875 0.9984375 0.9171875 0.99375 0.91875 0.9984375 0.9421875 0.9984375 0.95 0.9921875 0.9546875 0.975 0.8859375 0.94375 0.853125 0.94375 0.8 0.9296875 0.78125 0.9296875 0.753125 0.9484375 0.7203125 0.946875 0.69375 0.9328125 0.6828125 0.9328125 0.659375 0.9609375 0.64375 0.9640625 0.63125 0.9796875
0 0.63125 0.9796875 0.6296875 0.9984375 0.79375 0.9984375 0.7984375 0.99375 0.7921875 0.9796875 0.7859375 0.984375 0.76875 0.98125 0.759375 0.9875 0.73125 0.9859375 0.728125 0.98125 0.7 0.978125 0.65625 0.9625 0.64375 0.9640625 0.63125 0.9796875
0 0.92734375 0.98984375 0.0046875 0.0046875
0 0.934375 0.9828125 0.003125 0.003125
0 0.8609375 0.95 0.8359375 0.9984375 0.8890625 0.9984375 0.9046875 0.9546875 0.8875 0.94375 0.8671875 0.94375 0.8609375 0.95
0 0.0234375 0.2078125 0.0203125 0.21875 0.025 0.2421875 0.03125 0.2484375 0.0484375 0.25 0.065625 0.23125 0.0671875 0.2203125 0.046875 0.2046875 0.0234375 0.2078125
0 0.865625 0.4578125 0.8625 0.465625 0.8859375 0.478125 0.9078125 0.48125 0.921875 0.475 0.921875 0.46875 0.903125 0.45625 0.865625 0.4578125
0 0.5375 0.1171875 0.5359375 0.1375 0.5546875 0.153125 0.596875 0.1625 0.60625 0.171875 0.628125 0.18125 0.66875 0.184375 0.6796875 0.175 0.6796875 0.1390625 0.665625 0.1265625 0.6 0.10625 0.5984375 0.1015625 0.58125 0.1 0.55625 0.1015625 0.5375 0.1171875
0 0.4375 0.021875 0.434375 0.0390625 0.44375 0.0578125 0.4546875 0.0671875 0.4828125 0.06875 0.4875 0.0734375 0.50625 0.075 0.509375 0.0796875 0.5375 0.08125 0.5515625 0.0921875 0.5703125 0.0875 0.5796875 0.0640625 0.603125 0.04375 0.5984375 0.0359375 0.5859375 0.03125 0.525 0.0171875 0.4984375 0.00625 0.45625 0.0046875 0.4375 0.021875
0 0.6828125 0.9125 0.6828125 0.925 0.70625 0.940625 0.7296875 0.946875 0.75625 0.946875 0.7796875 0.9109375 0.7796875 0.86875 0.76875 0.8609375 0.725 0.85625 0.7046875 0.8796875 0.6984375 0.88125 0.6828125 0.9125
0 0.6265625 0.78125 0.6234375 0.8 0.634375 0.8109375 0.6484375 0.8171875 0.690625 0.81875 0.71875 0.7859375 0.721875 0.75 0.7109375 0.7375 0.671875 0.725 0.65 0.759375 0.6265625 0.78125
0 0.63125 0.9796875 0.625 0.9921875 0.6296875 0.9984375 0.7984375 0.9984375 0.8125 0.9921875 0.8046875 0.9890625 0.8046875 0.98125 0.79375 0.96875 0.7671875 0.9515625 0.71875 0.946875 0.6890625 0.93125 0.6796875 0.934375 0.6609375 0.9609375 0.64375 0.9640625 0.63125 0.9796875
0 0.88125 0.2625 0.8671875 0.275 0.8671875 0.2890625 0.878125 0.296875 0.896875 0.3 0.9296875 0.3171875 0.953125 0.31875 0.95625 0.3234375 0.98125 0.3125 0.9875 0.3171875 0.9984375 0.3140625 0.9984375 0.2828125 0.9890625 0.2859375 0.9625 0.28125 0.9046875 0.2609375 0.88125 0.2625
0 0.1421875 0.9265625 0.1296875 0.9421875 0.13125 0.9578125 0.1609375 0.9734375 0.209375 0.971875 0.2234375 0.95 0.2234375 0.9421875 0.25 0.921875 0.2859375 0.871875 0.30625 0.8546875 0.3125 0.8265625 0.3 0.81875 0.2703125 0.8125 0.2515625 0.8171875 0.2328125 0.83125 0.21875 0.8578125 0.1421875 0.9265625
0 0.9296875 0.375 0.9265625 0.4 0.9421875 0.4421875 0.95 0.44375 0.9546875 0.4375 0.9796875 0.43125 0.9875 0.4234375 0.99375 0.4 0.9984375 0.3984375 0.9984375 0.3546875 0.9796875 0.3546875 0.9515625 0.38125 0.9421875 0.375 0.9296875 0.375