0 0.7640625 0.2828125 0.7625 0.3 0.7875 0.3171875 0.8265625 0.321875 0.8375 0.3125 0.8375 0.2859375 0.8234375 0.2703125 0.7734375 0.26875 0.7640625 0.2828125
0 0.0078125 0.15 0.00625 0.16875 0.01875 0.2 0.05 0.20625 0.0640625 0.2015625 0.075 0.18125 0.075 0.1625 0.0671875 0.1484375 0.0234375 0.1390625 0.0125 0.1421875 0.0078125 0.15
0 0.5421875 0.2203125 0.5375 0.225 0.5375 0.2484375 0.5546875 0.259375 0.59375 0.2640625 0.6125 0.2546875 0.6109375 0.2375 0.596875 0.225 0.5625 0.21875 0.5421875 0.2203125
0 0.9953125 0 0.8265625 0 0.978125 0.025 0.9921875 0.0234375 0.9984375 0.0140625 0.9953125 0
0 0.0125 0.3375 0 0.3328125 0 0.3765625 0.0125 0.3734375 0.0234375 0.359375 0.0234375 0.3484375 0.0125 0.3375
0 0.275 0.39375 0.275 0.415625 0.2984375 0.43125 0.3328125 0.43125 0.36875 0.446875 0.3921875 0.44375 0.4109375 0.45 0.4234375 0.4484375 0.4375 0.4375 0.4375 0.41875 0.4171875 0.4 0.4 0.3953125 0.3125 0.38125 0.2828125 0.3859375 0.275 0.39375
0 0.759375 0.475 0.75625 0.4921875 0.7765625 0.509375 0.828125 0.5125 0.86875 0.5234375 0.89375 0.5234375 0.921875 0.496875 0.91875 0.4890625 0.8984375 0.4734375 0.8484375 0.4625 0.7703125 0.4625 0.759375 0.475
0 0.028125 0.06875 0 0.0625 0 0.09375 0.034375 0.09375 0.0375 0.075 0.028125 0.06875
0 0.25 0.18125 0.25 0.2046875 0.26875 0.215625 0.303125 0.2171875 0.3109375 0.2125 0.3109375 0.2015625 0.2984375 0.1796875 0.278125 0.1734375 0.25625 0.1734375 0.25 0.18125
0 0.45625 0.1640625 0.4578125 0.1984375 0.48125 0.2046875 0.51875 0.2046875 0.525 0.1984375 0.5234375 0.178125 0.5125 0.16875 0.4703125 0.1578125 0.45625 0.1640625
0 0.0703125 0.35625 0.0625 0.36875 0.0625 0.3796875 0.0703125 0.3921875 0.0875 0.4 0.128125 0.3984375 0.18125 0.415625 0.19375 0.415625 0.209375 0.40625 0.2109375 0.375 0.1984375 0.3640625 0.128125 0.353125 0.0703125 0.35625
0 0.575 0.1328125 0.56875 0.1421875 0.56875 0.15625 0.5828125 0.171875 0.6296875 0.171875 0.63125 0.153125 0.625 0.1421875 0.59375 0.13125 0.575 0.1328125
0 0.5390625 0.221875 0.5375 0.2484375 0.5546875 0.259375 0.603125 0.2625 0.61875 0.25625 0.64375 0.2546875 0.6484375 0.25 0.64375 0.225 0.6328125 0.21875 0.6109375 0.2171875 0.590625 0.225 0.565625 0.21875 0.5390625 0.221875
0 0.3640625 0.1625 0.3625 0.1734375 0.3765625 0.1859375 0.4 0.1921875 0.43125 0.1921875 0.4390625 0.184375 0.4375 0.1671875 0.41875 0.15 0.3796875 0.15 0.3640625 0.1625
0 0.56875 0.4375 0.571875 0.4640625 0.5875 0.4734375 0.65 0.4796875 0.671875 0.4875 0.7046875 0.4859375 0.7125 0.4734375 0.7109375 0.4546875 0.6984375 0.4375 0.6375 0.43125 0.6234375 0.425 0.5859375 0.425 0.56875 0.4375
0 0.2703125 0.109375 0.26875 0.1296875 0.28125 0.1375 0.309375 0.1375 0.3171875 0.125 0.3046875 0.1015625 0.2921875 0.09375 0.28125 0.09375 0.2703125 0.109375
0 0.6046875 0.21875 0.6 0.2296875 0.6109375 0.240625 0.6140625 0.25625 0.6359375 0.25625 0.6484375 0.25 0.64375 0.225 0.6265625 0.2171875 0.6046875 0.21875