0 0.0203125 0.578125 0.0171875 0.6171875 0.040625 0.61875 0.1421875 0.6515625 0.1609375 0.6484375 0.1734375 0.6375 0.171875 0.60625 0.146875 0.59375 0.1015625 0.5796875 0.0984375 0.575 0.05 0.565625 0.03125 0.56875 0.0203125 0.578125
0 0.1109375 0.73125 0.10625 0.75625 0.1265625 0.7734375 0.1734375 0.7875 0.1875 0.7875 0.2046875 0.7984375 0.2234375 0.8 0.240625 0.7875 0.25 0.7734375 0.240625 0.7578125 0.196875 0.7375 0.1359375 0.7234375 0.1234375 0.7234375 0.1109375 0.73125
0 0.54375 0.2609375 0.53125 0.2734375 0.5359375 0.290625 0.553125 0.2921875 0.5765625 0.309375 0.5984375 0.3125 0.61875 0.3234375 0.6421875 0.325 0.6546875 0.3328125 0.675 0.3296875 0.6796875 0.2921875 0.6671875 0.28125 0.5734375 0.2546875 0.5515625 0.2546875 0.54375 0.2609375
0 0.1265625 0.4796875 0.1265625 0.4984375 0.2046875 0.5375 0.2359375 0.540625 0.25 0.534375 0.2609375 0.5203125 0.2609375 0.5109375 0.240625 0.49375 0.18125 0.46875 0.14375 0.4625 0.1265625 0.4796875
0 0.01875 0.625 0 0.625 0 0.675 0.0046875 0.6796875 0.04375 0.6984375 0.0859375 0.7078125 0.10625 0.70625 0.1296875 0.6875 0.13125 0.6765625 0.10625 0.65625 0.0625 0.6390625 0.03125 0.634375 0.01875 0.625
0 0.11875 0.2046875 0.1203125 0.2296875 0.1328125 0.2421875 0.14375 0.25 0.1703125 0.25 0.215625 0.2234375 0.2359375 0.2046875 0.25 0.2 0.2640625 0.1859375 0.2640625 0.175 0.2515625 0.1578125 0.234375 0.15 0.2046875 0.15 0.1984375 0.15625 0.1625 0.16875 0.11875 0.2046875
0 0.9171875 0.7359375 0.9171875 0.7703125 0.9296875 0.784375 0.9984375 0.790625 0.9984375 0.7296875 0.9265625 0.725 0.9171875 0.7359375
0 0.1546875 0.4203125 0.153125 0.4296875 0.1609375 0.4421875 0.19375 0.4609375 0.246875 0.4796875 0.2546875 0.4875 0.2859375 0.4875 0.30625 0.465625 0.3046875 0.4515625 0.290625 0.4390625 0.215625 0.40625 0.1796875 0.4 0.1609375 0.4109375 0.1546875 0.4203125
0 0.28125 0.63125 0.2796875 0.64375 0.2921875 0.65625 0.3453125 0.6734375 0.4015625 0.68125 0.4171875 0.665625 0.415625 0.65 0.403125 0.6390625 0.340625 0.61875 0.29375 0.6171875 0.28125 0.63125
0 0.00625 0.690625 0 0.690625 0 0.7484375 0.0609375 0.7625 0.0796875 0.7546875 0.09375 0.7375 0.0921875 0.7296875 0.075 0.7140625 0.00625 0.690625
0 0.2734375 0.3125 0.2609375 0.325 0.2609375 0.3375 0.28125 0.359375 0.3046875 0.3625 0.3125 0.371875 0.346875 0.3765625 0.3765625 0.39375 0.4 0.39375 0.415625 0.3796875 0.4171875 0.35 0.39375 0.3375 0.38125 0.3359375 0.346875 0.3171875 0.3234375 0.3171875 0.2921875 0.30625 0.2734375 0.3125
0 0.4640625 0.396875 0.4578125 0.4109375 0.475 0.4296875 0.528125 0.45 0.5546875 0.465625 0.58125 0.46875 0.5859375 0.4578125 0.6 0.446875 0.6 0.434375 0.5921875 0.4234375 0.546875 0.4 0.503125 0.3859375 0.4796875 0.3859375 0.4640625 0.396875
0 0.2046875 0.35625 0.2015625 0.3671875 0.21875 0.4 0.23125 0.4109375 0.253125 0.4171875 0.2875 0.4375 0.3359375 0.44375 0.3625 0.421875 0.3546875 0.40625 0.3359375 0.3875 0.2609375 0.35 0.24375 0.34375 0.2234375 0.34375 0.2046875 0.35625
0 0.4265625 0.171875 0.425 0.184375 0.4375 0.1984375 0.5234375 0.234375 0.5546875 0.2359375 0.5734375 0.2125 0.571875 0.2 0.565625 0.19375 0.4796875 0.1578125 0.4421875 0.15625 0.4265625 0.171875
0 0.00625 0.975 0 0.975 0 0.9984375 0.050390625 0.9984375 0.0515625 0.9890625 0.0587890625 0.9984375 0.0671875 0.9984375 0.0625 0.9921875 0.0390625 0.9859375 0.0328125 0.9796875 0.00625 0.975
0 0.9796875 0.984375 0.975 0.9984375 0.9984375 0.9984375 0.9984375 0.9734375 0.9796875 0.984375
0 0.3140625 0.26875 0.3125 0.2921875 0.33125 0.3109375 0.3671875 0.31875 0.3875 0.33125 0.4078125 0.3328125 0.421875 0.3421875 0.4421875 0.340625 0.4625 0.3234375 0.453125 0.290625 0.390625 0.2625 0.359375 0.2546875 0.3328125 0.2546875 0.3140625 0.26875
0 0.3546875 0.20625 0.3484375 0.2140625 0.35 0.2359375 0.35625 0.246875 0.371875 0.2546875 0.403125 0.2609375 0.4109375 0.2671875 0.478125 0.2875 0.4984375 0.28125 0.509375 0.26875 0.503125 0.240625 0.465625 0.21875 0.3875 0.1953125 0.371875 0.1953125 0.3546875 0.20625
0 0.00625 0.7859375 0 0.7859375 0 0.8390625 0.0203125 0.8484375 0.040625 0.8421875 0.0546875 0.825 0.0546875 0.8171875 0.03125 0.79375 0.00625 0.7859375
0 0.0625 0.525 0.0578125 0.54375 0.0671875 0.5609375 0.109375 0.5734375 0.15625 0.596875 0.203125 0.6046875 0.2171875 0.596875 0.234375 0.575 0.209375 0.5515625 0.1265625 0.5234375 0.1234375 0.51875 0.0796875 0.5125 0.0625 0.525