0 0.8953125 0.4296875 0.89375 0.4359375 0.9109375 0.4484375 0.9921875 0.45625 0.9984375 0.45 0.9984375 0.3484375 0.984375 0.3453125 0.9640625 0.35625 0.940625 0.384375 0.921875 0.390625 0.921875 0.403125 0.8953125 0.4296875
0 0.4875 0.2421875 0.4890625 0.275 0.5359375 0.2734375 0.5703125 0.278125 0.6125 0.2875 0.625 0.3 0.6359375 0.3 0.6484375 0.2859375 0.6484375 0.2546875 0.6296875 0.2375 0.5734375 0.23125 0.55 0.2234375 0.50625 0.2234375 0.490625 0.234375 0.4875 0.2421875
0 0.8671875 0.55625 0.8625 0.5625 0.8625 0.5875 0.8671875 0.596875 0.8875 0.603125 0.9828125 0.6125 0.9875 0.6171875 0.9984375 0.6125 0.9984375 0.5578125 0.925 0.54375 0.8859375 0.54375 0.8671875 0.55625
0 0.5234375 0.18125 0.51875 0.19375 0.50625 0.20625 0.509375 0.21875 0.6328125 0.2359375 0.6453125 0.24375 0.6671875 0.2421875 0.6875 0.2203125 0.6859375 0.2046875 0.678125 0.1953125 0.6484375 0.18125 0.6109375 0.18125 0.578125 0.171875 0.53125 0.1734375 0.5234375 0.18125
0 0.6921875 0.9171875 0.690625 0.9484375 0.7109375 0.9546875 0.75 0.9578125 0.8359375 0.9796875 0.84375 0.978125 0.8609375 0.9546875 0.859375 0.9375 0.840625 0.9234375 0.7765625 0.9234375 0.7453125 0.9015625 0.7109375 0.9015625 0.6921875 0.9171875
0 0.2046875 0.9625 0.2015625 0.9734375 0.21875 0.9921875 0.253125 0.99375 0.2609375 0.9984375 0.3640625 0.9984375 0.3671875 0.9921875 0.3609375 0.9671875 0.2890625 0.9484375 0.2234375 0.94375 0.2125 0.95 0.2046875 0.9625
0 0.5828125 0.0140625 0.5828125 0.03125 0.59375 0.040625 0.6484375 0.0546875 0.7296875 0.05625 0.7421875 0.04375 0.7421875 0.028125 0.734375 0.01875 0.6796875 0 0.5984375 0 0.5828125 0.0140625
0 0.45 0.315625 0.4421875 0.325 0.44375 0.3375 0.471875 0.3328125 0.5234375 0.34375 0.584375 0.34375 0.61875 0.35 0.628125 0.346875 0.6359375 0.3359375 0.6359375 0.309375 0.6109375 0.2875 0.5359375 0.2734375 0.4875 0.2796875 0.45 0.315625
0 0.66875 0.975 0.6625 0.9984375 0.83125 0.9984375 0.83125 0.9890625 0.81875 0.98125 0.775 0.975 0.721875 0.9578125 0.6875 0.9578125 0.66875 0.975
0 0.53125 0.1296875 0.5265625 0.153125 0.5296875 0.1671875 0.5921875 0.16875 0.634375 0.178125 0.684375 0.18125 0.6984375 0.1734375 0.7015625 0.1609375 0.7 0.1421875 0.6875 0.1265625 0.675 0.1203125 0.634375 0.1171875 0.621875 0.1109375 0.5984375 0.1109375 0.5890625 0.10625 0.55 0.10625 0.53125 0.1296875
0 0.56875 0.06875 0.56875 0.096875 0.5921875 0.10625 0.6484375 0.1171875 0.709375 0.1203125 0.71875 0.1171875 0.7296875 0.1046875 0.728125 0.0859375 0.7078125 0.0625 0.65 0.0609375 0.6296875 0.0515625 0.5890625 0.0515625 0.56875 0.06875