0 0.75 0.51875 0.759375 0.5484375 0.73125 0.609375 0.725 0.65 0.73125 0.659375 0.753125 0.6671875 0.76875 0.665625 0.7875 0.65625 0.7984375 0.646875 0.8109375 0.625 0.8125 0.56875 0.8046875 0.55625 0.8265625 0.546875 0.8484375 0.525 0.8546875 0.5109375 0.853125 0.4515625 0.8390625 0.4375 0.825 0.43125 0.8015625 0.43125 0.78125 0.45625 0.7734375 0.4859375 0.75 0.51875
0 0.73125 0.6125 0.725 0.6515625 0.7484375 0.6671875 0.7796875 0.6609375 0.8 0.64375 0.8109375 0.625 0.8125 0.56875 0.7921875 0.5515625 0.7609375 0.55 0.73125 0.6125
0 0.009375 0.5671875 0 0.5671875 0 0.6171875 0.0453125 0.6171875 0.0578125 0.6234375 0.10625 0.625 0.115625 0.6140625 0.09375 0.5859375 0.009375 0.5671875
0 0.3484375 0.6515625 0.3453125 0.7015625 0.3484375 0.7375 0.35625 0.753125 0.39375 0.76875 0.43125 0.7609375 0.4359375 0.7546875 0.4375 0.7296875 0.425 0.7203125 0.4171875 0.7046875 0.4046875 0.6609375 0.3921875 0.6484375 0.3796875 0.6453125 0.359375 0.6453125 0.3484375 0.6515625
0 0.7765625 0.46875 0.7703125 0.496875 0.7921875 0.5 0.815625 0.4875 0.8484375 0.4875 0.8546875 0.4734375 0.8546875 0.45625 0.85 0.44375 0.840625 0.4375 0.8265625 0.43125 0.8015625 0.43125 0.7921875 0.4390625 0.7765625 0.46875
0 0.75625 0.5515625 0.753125 0.5703125 0.7640625 0.5859375 0.7796875 0.5828125 0.809375 0.5890625 0.815625 0.58125 0.8046875 0.5546875 0.7859375 0.55 0.75625 0.5515625
0 0.3109375 0 0.146875 0 0.15625 0.01875 0.16875 0.0203125 0.1875 0.034375 0.2234375 0.040625 0.253125 0.0375 0.278125 0.0421875 0.28125 0.046875 0.3 0.046875 0.309375 0.0375 0.30625 0.0140625 0.3109375 0
0 0.0703125 0.959375 0.06875 0.9765625 0.075 0.9828125 0.075 0.9921875 0.0859375 0.9984375 0.096875 0.99375 0.115625 0.9984375 0.11875 0.99375 0.1375 0.9921875 0.1234375 0.9578125 0.1109375 0.9515625 0.09375 0.95 0.0703125 0.959375
0 0.7546875 0.5140625 0.753125 0.525 0.759375 0.5375 0.790625 0.55 0.81875 0.55 0.8375 0.5375 0.8546875 0.509375 0.8546875 0.4609375 0.84375 0.4390625 0.8234375 0.43125 0.8015625 0.43125 0.78125 0.4578125 0.76875 0.496875 0.7546875 0.5140625
0 0.75625 0.5140625 0.7546875 0.53125 0.7671875 0.5421875 0.7921875 0.55 0.8203125 0.55 0.84375 0.53125 0.85 0.5171875 0.85 0.4984375 0.834375 0.4875 0.81875 0.4890625 0.79375 0.503125 0.76875 0.5046875 0.75625 0.5140625
0 0.6140625 0.96875 0.60625 0.9984375 0.6796875 0.9984375 0.6984375 0.96875 0.6984375 0.94375 0.6875 0.9296875 0.6484375 0.9234375 0.625 0.9484375 0.6140625 0.96875