0 0.846875 0.2078125 0.84375 0.2234375 0.8625 0.24375 0.8921875 0.25 0.9421875 0.278125 0.9765625 0.28125 0.9984375 0.26875 0.99375 0.24375 0.9875 0.2359375 0.9328125 0.2125 0.91875 0.2109375 0.9046875 0.2 0.875 0.1921875 0.846875 0.2078125
0 0.5375 0.525 0.5359375 0.5484375 0.55 0.5625 0.6046875 0.5765625 0.64375 0.571875 0.66875 0.546875 0.6875 0.546875 0.71875 0.5234375 0.73125 0.5046875 0.75 0.49375 0.7625 0.4625 0.7390625 0.4421875 0.6984375 0.425 0.6359375 0.4234375 0.621875 0.4421875 0.6171875 0.4375 0.6109375 0.4484375 0.6046875 0.4484375 0.59375 0.465625 0.565625 0.48125 0.55625 0.4953125 0.5546875 0.509375 0.5375 0.525
0 0.63125 0.4109375 0.63125 0.4171875 0.634375 0.4125 0.64375 0.4125 0.63125 0.4109375
0 0.7015625 0.3375 0.7 0.3546875 0.7125 0.375 0.746875 0.3875 0.7703125 0.40625 0.78125 0.40625 0.7875 0.4125 0.7875 0.421875 0.8234375 0.40625 0.8375 0.3921875 0.8421875 0.3734375 0.8359375 0.3609375 0.8171875 0.3453125 0.7921875 0.3421875 0.7359375 0.3234375 0.7140625 0.3234375 0.7015625 0.3375
0 0.16875 0.6765625 0.1609375 0.69375 0.175 0.70625 0.2 0.7109375 0.2359375 0.68125 0.2609375 0.646875 0.2734375 0.6390625 0.275 0.628125 0.2671875 0.6203125 0.2453125 0.6125 0.225 0.6140625 0.2171875 0.634375 0.2 0.64375 0.16875 0.6765625
0 0.1546875 0.646875 0.1421875 0.6625 0.1421875 0.6765625 0.1734375 0.70625 0.2046875 0.7109375 0.275 0.6390625 0.275 0.6234375 0.24375 0.6 0.2171875 0.6 0.1890625 0.6140625 0.1546875 0.646875
0 0.00625 0.5765625 0 0.58125 0 0.609375 0.0734375 0.64375 0.0859375 0.6421875 0.1046875 0.628125 0.10625 0.60625 0.0796875 0.5890625 0.0421875 0.575 0.00625 0.5765625
0 0.5375 0.5265625 0.534375 0.546875 0.5515625 0.565625 0.58125 0.56875 0.6 0.5765625 0.6453125 0.571875 0.6671875 0.55 0.6984375 0.5421875 0.7390625 0.5 0.753125 0.4921875 0.7703125 0.4625 0.8 0.4375 0.80625 0.4171875 0.8359375 0.39375 0.8359375 0.3625 0.8171875 0.3484375 0.7890625 0.34375 0.7328125 0.3234375 0.7109375 0.325 0.7 0.34375 0.70625 0.3703125 0.690625 0.38125 0.6921875 0.3875 0.678125 0.3984375 0.6671875 0.3921875 0.66875 0.3859375 0.64375 0.3859375 0.6140625 0.4171875 0.609375 0.44375 0.6 0.4484375 0.590625 0.465625 0.5625 0.484375 0.5546875 0.50625 0.5375 0.5265625
0 0.85 0.2078125 0.84375 0.2234375 0.859375 0.240625 0.8890625 0.2515625 0.8953125 0.259375 0.9078125 0.2609375 0.9109375 0.26875 0.91875 0.26875 0.93125 0.278125 0.9109375 0.28125 0.8953125 0.2921875 0.8796875 0.3125 0.8703125 0.3171875 0.871875 0.325 0.8671875 0.33125 0.8609375 0.3375 0.8546875 0.3359375 0.8546875 0.340625 0.8671875 0.3453125 0.8671875 0.36875 0.875 0.3671875 0.8859375 0.3734375 0.8796875 0.384375 0.8890625 0.3765625 0.9 0.3796875 0.9015625 0.384375 0.8953125 0.3890625 0.9 0.3984375 0.925 0.39375 0.9328125 0.403125 0.9484375 0.4078125 0.9734375 0.4046875 0.975 0.396875 0.9875 0.403125 0.9984375 0.38125 0.9984375 0.3375 0.9921875 0.3328125 0.9984375 0.31875 0.9984375 0.2421875 0.9859375 0.23125 0.91875 0.2109375 0.884375 0.19375 0.86875 0.1953125 0.85 0.2078125
0 0.5359375 0.5296875 0.5375 0.5515625 0.55 0.5625 0.6046875 0.5765625 0.6421875 0.5734375 0.6640625 0.5484375 0.6984375 0.540625 0.7171875 0.51875 0.7171875 0.5109375 0.69375 0.49375 0.621875 0.46875 0.5828125 0.46875 0.565625 0.48125 0.55625 0.5046875 0.5359375 0.5296875
0 0.5625 0.4859375 0.5578125 0.4984375 0.5625 0.5109375 0.615625 0.5234375 0.665625 0.5421875 0.696875 0.540625 0.7171875 0.5140625 0.69375 0.49375 0.61875 0.46875 0.5859375 0.46875 0.5625 0.4859375
0 0.6421875 0.425 0.625 0.4421875 0.628125 0.4625 0.6546875 0.4796875 0.696875 0.49375 0.71875 0.509375 0.7390625 0.4984375 0.759375 0.4734375 0.7609375 0.4625 0.728125 0.4375 0.6921875 0.425 0.6421875 0.425