0 0.09453125 0.69765625 0.0046875 0.0015625
0 0.1109375 0.6921875 0.1109375 0.7046875 0.10625 0.7078125 0.1203125 0.7125 0.1203125 0.7015625 0.1109375 0.6921875
0 0.21875 0.65625 0.2125 0.6625 0.2125 0.6984375 0.225 0.7109375 0.24375 0.7140625 0.2484375 0.7015625 0.259375 0.6921875 0.2609375 0.675 0.24375 0.6625 0.21875 0.65625
0 0.00625 0.2796875 0 0.28125 0 0.3234375 0.0375 0.3296875 0.0484375 0.309375 0.0421875 0.2875 0.0359375 0.28125 0.00625 0.2796875
0 0.5890625 0.2734375 0.5890625 0.2859375 0.603125 0.3015625 0.6625 0.30625 0.6875 0.321875 0.7109375 0.31875 0.7234375 0.3109375 0.7296875 0.3 0.7234375 0.2703125 0.6984375 0.2625 0.6640625 0.2609375 0.64375 0.2515625 0.6046875 0.25625 0.5890625 0.2734375
0 0.9578125 0.50625 0.9578125 0.525 0.975 0.546875 0.9984375 0.55 0.9984375 0.4921875 0.9734375 0.4890625 0.9640625 0.49375 0.9578125 0.50625
0 0.075 0 0.01875 0 0.01875 0.009375 0.04375 0.0296875 0.0671875 0.03125 0.0796875 0.0046875 0.075 0
0 0.35625 0.3328125 0.35 0.3484375 0.36875 0.36875 0.3859375 0.3796875 0.3953125 0.3796875 0.4046875 0.371875 0.4109375 0.359375 0.39375 0.3375 0.375 0.3265625 0.3640625 0.3265625 0.35625 0.3328125
0 0.4171875 0.9765625 0.415625 0.9984375 0.4609375 0.9984375 0.4609375 0.9921875 0.4296875 0.975 0.4171875 0.9765625
0 0.4171875 0.7078125 0.41875 0.7109375 0.4171875 0.7078125
0 0.39375 0.01875 0.3859375 0.0265625 0.3875 0.0421875 0.403125 0.0609375 0.41875 0.0671875 0.49375 0.0625 0.503125 0.0546875 0.55 0.046875 0.55625 0.040625 0.55 0.0140625 0.5265625 0 0.4796875 0 0.39375 0.01875
0 0.00625 0.05 0 0.05 0.003125 0.09375 0.01875 0.1015625 0.0375 0.1015625 0.0421875 0.09375 0.0375 0.0703125 0.025 0.0578125 0.00625 0.05
0 0.84375 0 0.6859375 0 0.7078125 0.0125 0.81875 0.0203125 0.8359375 0.01875 0.8421875 0.0125 0.84375 0
0 0.00625 0.3265625 0 0.3265625 0 0.3984375 0.053125 0.4 0.0625 0.39375 0.06875 0.3875 0.0625 0.3484375 0.0421875 0.33125 0.0140625 0.33125 0.00625 0.3265625
0 0.0046875 0.2796875 0 0.28125 0 0.3984375 0.053125 0.4 0.06875 0.3875 0.06875 0.36875 0.0625 0.3484375 0.04375 0.33125 0.046875 0.3 0.0359375 0.28125 0.0046875 0.2796875
0 0.7703125 0.6484375 0.76875 0.66875 0.7921875 0.6859375 0.79375 0.6984375 0.8015625 0.70625 0.8171875 0.70625 0.8296875 0.6859375 0.8265625 0.6625 0.8 0.6484375 0.7703125 0.6484375
0 0.38125 0.1609375 0.3796875 0.1734375 0.3875 0.196875 0.40625 0.2125 0.49375 0.209375 0.50625 0.2046875 0.5140625 0.1921875 0.5109375 0.1640625 0.4890625 0.15 0.415625 0.15 0.38125 0.1609375
0 0.340625 0.3875 0.3265625 0.403125 0.3265625 0.4109375 0.3375 0.41875 0.3375 0.425 0.3671875 0.4421875 0.384375 0.4375 0.39375 0.4265625 0.3953125 0.4125 0.36875 0.3875 0.340625 0.3875
0 0.6109375 0.2125 0.609375 0.2296875 0.61875 0.24375 0.675 0.259375 0.7046875 0.2609375 0.728125 0.26875 0.75 0.259375 0.7609375 0.246875 0.7609375 0.234375 0.7484375 0.21875 0.6875 0.2015625 0.625 0.1953125 0.6109375 0.2125
0 0.6625 0.025 0.6609375 0.040625 0.675 0.0546875 0.68125 0.06875 0.759375 0.0796875 0.7921875 0.0796875 0.8078125 0.0734375 0.8171875 0.0625 0.815625 0.0375 0.7984375 0.025 0.6984375 0.0140625 0.6671875 0.01875 0.6625 0.025
0 0.6671875 0.0890625 0.665625 0.1078125 0.6796875 0.125 0.7484375 0.1375 0.8234375 0.1359375 0.8234375 0.1 0.803125 0.0875 0.7125 0.075 0.6796875 0.075 0.6671875 0.0890625
0 0.0859375 0.675 0.0859375 0.6984375 0.11875 0.721875 0.1234375 0.7109375 0.1171875 0.6921875 0.0984375 0.675 0.0859375 0.675
0 0.38125 0.0984375 0.3734375 0.10625 0.375 0.125 0.3796875 0.1375 0.3921875 0.15 0.45625 0.1421875 0.4796875 0.1296875 0.5109375 0.125 0.5234375 0.1109375 0.5078125 0.0796875 0.4921875 0.0703125 0.4359375 0.0796875 0.38125 0.0984375
0 0.95625 0.4421875 0.9546875 0.4609375 0.9609375 0.46875 0.9796875 0.478125 0.9984375 0.4796875 0.9953125 0.43125 0.96875 0.43125 0.95625 0.4421875
0 0.5375 0.38125 0.5359375 0.4109375 0.5578125 0.425 0.628125 0.4375 0.6375 0.44375 0.659375 0.4421875 0.675 0.43125 0.675 0.403125 0.65625 0.3875 0.609375 0.3859375 0.5734375 0.371875 0.54375 0.375 0.5375 0.38125
0 0.6875 0.675 0.6828125 0.6921875 0.696875 0.6984375 0.7171875 0.7171875 0.7296875 0.7171875 0.7375 0.7046875 0.73125 0.690625 0.734375 0.675 0.7109375 0.66875 0.6984375 0.66875 0.6875 0.675
0 0.56875 0.33125 0.5625 0.3453125 0.5625 0.3609375 0.5875 0.3796875 0.6109375 0.3859375 0.6546875 0.3875 0.6765625 0.3984375 0.6984375 0.39375 0.7109375 0.38125 0.7109375 0.35625 0.675 0.3375 0.6515625 0.3359375 0.6109375 0.3234375 0.575 0.3234375 0.56875 0.33125
0 0.6296875 0.14375 0.63125 0.16875 0.65 0.184375 0.675 0.1921875 0.7875 0.2046875 0.8046875 0.1984375 0.8125 0.1890625 0.8109375 0.16875 0.7828125 0.1421875 0.73125 0.1375 0.6875 0.1265625 0.64375 0.125 0.6296875 0.14375
0 0.34375 0.2421875 0.340625 0.2546875 0.3453125 0.275 0.35625 0.2859375 0.375 0.2921875 0.4625 0.2734375 0.4875 0.25625 0.4734375 0.225 0.4546875 0.2125 0.43125 0.2125 0.3796875 0.225 0.34375 0.2421875
0 0.30625 0.5734375 0.30625 0.6 0.325 0.6125 0.4484375 0.6359375 0.465625 0.6109375 0.4609375 0.59375 0.446875 0.58125 0.40625 0.56875 0.375 0.5625 0.3234375 0.5609375 0.30625 0.5734375
0 0.45 0.05625 0.4484375 0.0671875 0.4546875 0.0734375 0.5 0.06875 0.5 0.05625 0.4921875 0.05 0.46875 0.0484375 0.45 0.05625
0 0.73125 0.68125 0.7359375 0.7 0.73125 0.71875 0.759375 0.7171875 0.7625 0.7125 0.7796875 0.7109375 0.7921875 0.7 0.790625 0.6828125 0.76875 0.66875 0.75 0.66875 0.73125 0.68125
0 0.3265625 0.465625 0.3234375 0.4796875 0.3375 0.503125 0.371875 0.509375 0.38125 0.5 0.375 0.4796875 0.353125 0.4578125 0.3375 0.45625 0.3265625 0.465625