0 0.0859375 0.7 0.0859375 0.7328125 0.115625 0.74375 0.125 0.725 0.125 0.69375 0.115625 0.6859375 0.1015625 0.6859375 0.0859375 0.7
0 0.0171875 0.2921875 0 0.2921875 0 0.321875 0.0046875 0.3296875 0.0625 0.340625 0.084375 0.3234375 0.084375 0.3125 0.075 0.3046875 0.0203125 0.296875 0.0171875 0.2921875
0 0.025 0.278125 0 0.2796875 0 0.33125 0.0875 0.3484375 0.115625 0.35 0.1296875 0.34375 0.1359375 0.33125 0.1296875 0.3015625 0.0609375 0.28125 0.025 0.278125
0 0.0078125 0.1015625 0 0.109375 0 0.1734375 0.025 0.1734375 0.0578125 0.1390625 0.0671875 0.1359375 0.0703125 0.1171875 0.0671875 0.109375 0.0421875 0.09375 0.0234375 0.09375 0.0078125 0.1015625
0 0.9265625 0.4890625 0.91875 0.5109375 0.91875 0.534375 0.9296875 0.55 0.94375 0.5546875 0.9984375 0.55625 0.9984375 0.4671875 0.984375 0.4625 0.94375 0.4625 0.9265625 0.4890625
0 0.15625 0.18125 0.15 0.1921875 0.15 0.2046875 0.15625 0.215625 0.18125 0.2296875 0.1984375 0.23125 0.2234375 0.2109375 0.24375 0.1859375 0.25 0.1734375 0.25 0.15625 0.23125 0.1421875 0.2046875 0.1421875 0.1875 0.15 0.15625 0.18125
0 0.00625 0.915625 0 0.9265625 0.003125 0.9453125 0.03125 0.9671875 0.0484375 0.9734375 0.065625 0.9671875 0.0828125 0.96875 0.125 0.9890625 0.1421875 0.9859375 0.146875 0.9796875 0.153125 0.9359375 0.1421875 0.925 0.0796875 0.9125 0.0171875 0.9109375 0.00625 0.915625
0 0.04375 0.8296875 0.0421875 0.8421875 0.0578125 0.8609375 0.084375 0.86875 0.09375 0.878125 0.125 0.884375 0.15625 0.875 0.1578125 0.8484375 0.146875 0.8234375 0.1375 0.81875 0.1015625 0.8125 0.0609375 0.8125 0.05 0.81875 0.04375 0.8296875
0 0.4921875 0.375 0.4875 0.3796875 0.4875 0.403125 0.496875 0.40625 0.5375 0.4109375 0.54375 0.4078125 0.5984375 0.41875 0.6140625 0.415625 0.625 0.3984375 0.6234375 0.3859375 0.5984375 0.3765625 0.51875 0.371875 0.4921875 0.375
0 0.0375 0.178125 0.0359375 0.1921875 0.0421875 0.2 0.05 0.2 0.075 0.21875 0.0859375 0.21875 0.153125 0.159375 0.1609375 0.146875 0.146875 0.1328125 0.1296875 0.125 0.0984375 0.125 0.0546875 0.1578125 0.0375 0.178125
0 0.0078125 0.9671875 0 0.96875 0 0.9984375 0.1265625 0.9984375 0.1296875 0.9921875 0.08125 0.96875 0.0078125 0.9671875
0 0.753125 0.3140625 0.75 0.3328125 0.7640625 0.3484375 0.775 0.353125 0.8 0.353125 0.81875 0.3484375 0.8359375 0.33125 0.8796875 0.321875 0.8984375 0.309375 0.8984375 0.3 0.8734375 0.2703125 0.84375 0.26875 0.79375 0.2875 0.753125 0.3140625
0 0.9703125 0.221875 0.9609375 0.23125 0.9609375 0.2421875 0.975 0.2546875 0.98125 0.26875 0.9984375 0.26875 0.9984375 0.20625 0.9703125 0.221875
0 0.19375 0.3203125 0.1953125 0.359375 0.2359375 0.3734375 0.2734375 0.375 0.3125 0.384375 0.3625 0.3859375 0.375 0.371875 0.36875 0.3484375 0.353125 0.3328125 0.334375 0.3234375 0.253125 0.309375 0.2046875 0.3125 0.19375 0.3203125