0 0.625 0.0359375 0.6171875 0.04375 0.6171875 0.0625 0.628125 0.084375 0.625 0.1109375 0.63125 0.1359375 0.65 0.15 0.6921875 0.1484375 0.6984375 0.1296875 0.6828125 0.084375 0.6828125 0.0734375 0.6875 0.06875 0.6859375 0.0515625 0.665625 0.03125 0.63125 0.03125 0.625 0.0359375
0 0.171875 0.4484375 0.1640625 0.45625 0.1671875 0.478125 0.1953125 0.4984375 0.2359375 0.503125 0.259375 0.496875 0.2984375 0.496875 0.321875 0.4921875 0.3296875 0.4796875 0.3171875 0.446875 0.2921875 0.43125 0.2 0.43125 0.171875 0.4484375
0 0.021875 0.40625 0 0.40625 0 0.4484375 0.0109375 0.4515625 0.0203125 0.4625 0.05625 0.4734375 0.06875 0.4875 0.0796875 0.4890625 0.1 0.484375 0.115625 0.46875 0.109375 0.4515625 0.0984375 0.44375 0.021875 0.40625
0 0.0640625 0.0390625 0.0515625 0.0546875 0.065625 0.0765625 0.06875 0.0921875 0.0875 0.0984375 0.115625 0.0890625 0.1203125 0.0703125 0.1 0.0546875 0.090625 0.0390625 0.0828125 0.034375 0.0640625 0.0390625
0 0.4109375 0.0078125 0.40625 0.0125 0.40625 0.0296875 0.44375 0.10625 0.4859375 0.1 0.4875 0.08125 0.4609375 0.0125 0.4546875 0.00625 0.4421875 0.0046875 0.4109375 0.0078125
0 0.0796875 0 0.01875 0 0.01875 0.00625 0.0375 0.03125 0.06875 0.0921875 0.090625 0.0984375 0.115625 0.0890625 0.125 0.0703125 0.0796875 0
0 0.003125 0.109375 0 0.1734375 0.0046875 0.178125 0.0203125 0.1734375 0.028125 0.178125 0.053125 0.175 0.096875 0.18125 0.115625 0.1921875 0.1328125 0.1921875 0.15 0.1734375 0.146875 0.1375 0.1375 0.1265625 0.1234375 0.1203125 0.0671875 0.1109375 0.003125 0.109375
0 0.20625 0.4625 0.2046875 0.4796875 0.215625 0.496875 0.25 0.4984375 0.2640625 0.4890625 0.259375 0.4578125 0.21875 0.45625 0.20625 0.4625
0 0.8234375 0.625 0.825 0.6875 0.8390625 0.6984375 0.8546875 0.7015625 0.875 0.696875 0.8890625 0.671875 0.8859375 0.6640625 0.8953125 0.6609375 0.89375 0.6390625 0.8796875 0.6171875 0.8609375 0.6 0.84375 0.6 0.83125 0.60625 0.8234375 0.625
0 0.71875 0.053125 0.7140625 0.0578125 0.7140625 0.075 0.721875 0.0921875 0.7296875 0.1359375 0.75 0.146875 0.7796875 0.1421875 0.7875 0.1359375 0.7875 0.1109375 0.7734375 0.0546875 0.7578125 0.0421875 0.734375 0.04375 0.71875 0.053125
0 0.9140625 0.0859375 0.9125 0.096875 0.921875 0.10625 0.9375 0.1546875 0.95 0.1703125 0.96875 0.178125 0.9984375 0.171875 0.9984375 0.1328125 0.971875 0.0875 0.953125 0.075 0.9140625 0.0859375
0 0.50625 0.4421875 0.50625 0.4703125 0.5140625 0.4875 0.5234375 0.4921875 0.6140625 0.5109375 0.6390625 0.5109375 0.65625 0.4921875 0.65625 0.4703125 0.6328125 0.45 0.55 0.43125 0.5171875 0.43125 0.50625 0.4421875
0 0.51875 0.034375 0.51875 0.0984375 0.525 0.115625 0.5421875 0.1359375 0.5609375 0.1421875 0.5859375 0.1359375 0.59375 0.125 0.59375 0.1 0.5859375 0.084375 0.5796875 0.034375 0.5625 0.0234375 0.53125 0.025 0.51875 0.034375
0 0.8125 0.075 0.8078125 0.084375 0.8125 0.109375 0.8359375 0.146875 0.8359375 0.15625 0.84375 0.16875 0.8640625 0.178125 0.9015625 0.1703125 0.90625 0.15625 0.878125 0.109375 0.8734375 0.0859375 0.85 0.06875 0.8296875 0.06875 0.8125 0.075
0 0.19375 0.13046875 0.003125 0.0015625
0 0.225 0.1109375 0.2234375 0.1171875 0.2296875 0.11875 0.24375 0.10625 0.2328125 0.1125 0.23125 0.10625 0.225 0.1109375
0 0.1265625 0.0796875 0.115625 0.09375 0.11875 0.1046875 0.1546875 0.1171875 0.1796875 0.1171875 0.1921875 0.10625 0.1890625 0.09375 0.15625 0.084375 0.146875 0.075 0.1265625 0.0796875