0 0.809375 0.0765625 0.81875 0.0828125 0.8296875 0.096875 0.8328125 0.103125 0.834375 0.115625 0.828125 0.125 0.815625 0.1296875 0.8 0.14375 0.796875 0.1578125 0.78125 0.1875 0.771875 0.19375 0.7578125 0.1921875 0.7515625 0.1859375 0.7421875 0.184375 0.7296875 0.1765625 0.71875 0.1640625 0.7171875 0.146875 0.7328125 0.1203125 0.75625 0.090625 0.78125 0.0734375 0.8015625 0.0734375 0.8078125 0.0765625
0 0.6984375 0.065625 0.715625 0.0703125 0.7375 0.08125 0.7453125 0.0890625 0.746875 0.0984375 0.74375 0.10625 0.728125 0.121875 0.7234375 0.1328125 0.7125 0.146875 0.6796875 0.175 0.671875 0.178125 0.65 0.1765625 0.6171875 0.1359375 0.6234375 0.1234375 0.6546875 0.1 0.678125 0.0734375 0.6890625 0.065625 0.696875 0.065625
0 0.146875 0.5296875 0.1578125 0.534375 0.1671875 0.5421875 0.2015625 0.5859375 0.20625 0.5953125 0.2046875 0.5984375 0.20625 0.621875 0.196875 0.6296875 0.16875 0.6375 0.1515625 0.6375 0.1421875 0.6296875 0.13125 0.625 0.1296875 0.6234375 0.13125 0.6171875 0.1265625 0.615625 0.13125 0.6125 0.13125 0.609375 0.1171875 0.603125 0.121875 0.5984375 0.11875 0.5953125 0.1171875 0.5875 0.11875 0.584375 0.115625 0.5765625 0.1171875 0.5671875 0.109375 0.5515625 0.109375 0.5421875 0.11875 0.5359375 0.1453125 0.5296875
0 0.7515625 0.3515625 0.7609375 0.3546875 0.7703125 0.3640625 0.7703125 0.384375 0.7640625 0.3953125 0.759375 0.4109375 0.7546875 0.4171875 0.7546875 0.425 0.7421875 0.4375 0.7265625 0.44375 0.7140625 0.4546875 0.709375 0.45625 0.6875 0.4546875 0.66875 0.4421875 0.6484375 0.434375 0.6453125 0.428125 0.715625 0.35625 0.7234375 0.3515625 0.75 0.3515625
0 0.2546875 0.4359375 0.265625 0.440625 0.275 0.45 0.2796875 0.4609375 0.28125 0.4765625 0.2859375 0.4890625 0.2859375 0.515625 0.2796875 0.53125 0.271875 0.5390625 0.25625 0.5453125 0.2484375 0.5453125 0.2171875 0.5296875 0.2140625 0.4984375 0.215625 0.496875 0.215625 0.4765625 0.2140625 0.475 0.215625 0.44375 0.2265625 0.4359375 0.253125 0.4359375
0 0.2734375 0.0859375 0.284375 0.0890625 0.2984375 0.0984375 0.3015625 0.10625 0.3015625 0.1234375 0.296875 0.1453125 0.2890625 0.15625 0.28125 0.1765625 0.2796875 0.1921875 0.2765625 0.196875 0.2703125 0.2 0.25625 0.2 0.24375 0.1953125 0.23125 0.1859375 0.215625 0.1703125 0.2125 0.1640625 0.2140625 0.153125 0.2203125 0.140625 0.2265625 0.115625 0.2359375 0.0953125 0.2515625 0.0859375 0.271875 0.0859375
0 0.6453125 0.55625 0.65625 0.5640625 0.65625 0.575 0.6453125 0.584375 0.6453125 0.5890625 0.6390625 0.596875 0.6375 0.6046875 0.6109375 0.63125 0.60625 0.64375 0.59375 0.65 0.5765625 0.6484375 0.5609375 0.6421875 0.54375 0.6296875 0.540625 0.6234375 0.5421875 0.615625 0.56875 0.5875 0.58125 0.5828125 0.6 0.565625 0.615625 0.5546875 0.621875 0.5515625 0.6359375 0.5515625 0.64375 0.55625
0 0.3453125 0.3671875 0.353125 0.375 0.35625 0.3828125 0.3578125 0.40625 0.375 0.4296875 0.3765625 0.4546875 0.3671875 0.4703125 0.3421875 0.4765625 0.3203125 0.4765625 0.3 0.4578125 0.2984375 0.45 0.3 0.446875 0.2984375 0.440625 0.2984375 0.36875 0.3015625 0.365625 0.3140625 0.3640625 0.3375 0.3640625 0.34375 0.3671875
0 0.40625 0.75 0.4203125 0.753125 0.4390625 0.7640625 0.4453125 0.7765625 0.4453125 0.7890625 0.4296875 0.8171875 0.4171875 0.85 0.4015625 0.859375 0.3890625 0.8625 0.3859375 0.8609375 0.3765625 0.865625 0.359375 0.859375 0.340625 0.84375 0.3375 0.815625 0.3515625 0.7890625 0.3765625 0.7640625 0.3890625 0.753125 0.4046875 0.75
0 0.5671875 0.8578125 0.5796875 0.8640625 0.5921875 0.8765625 0.59375 0.8953125 0.590625 0.909375 0.5859375 0.9140625 0.584375 0.9203125 0.56875 0.934375 0.5546875 0.94375 0.546875 0.94375 0.5421875 0.9515625 0.5390625 0.95 0.5375 0.9546875 0.53125 0.95625 0.528125 0.9609375 0.51875 0.95625 0.515625 0.959375 0.5109375 0.95625 0.509375 0.9515625 0.475 0.9390625 0.4671875 0.928125 0.46875 0.921875 0.4875 0.8984375 0.509375 0.8828125 0.53125 0.8578125 0.5390625 0.8546875 0.559375 0.8546875 0.565625 0.8578125
0 0.646875 0.0359375 0.659375 0.040625 0.6734375 0.0515625 0.68125 0.0609375 0.68125 0.065625 0.65 0.1 0.625 0.1203125 0.609375 0.1375 0.5984375 0.1421875 0.5890625 0.1421875 0.578125 0.1390625 0.5625 0.13125 0.55625 0.125 0.5546875 0.115625 0.5515625 0.1109375 0.553125 0.0953125 0.559375 0.0859375 0.5796875 0.065625 0.6046875 0.0453125 0.6203125 0.0375 0.6453125 0.0359375