0 0.7234375 0 0.8546875 0 0.8546875 0.00625 0.8484375 0.015625 0.8453125 0.015625 0.834375 0.0234375 0.81875 0.0265625 0.796875 0.0203125 0.7828125 0.01875 0.76875 0.0125 0.7453125 0.0125 0.7265625 0.0046875 0.725 0.0015625
0 0.5109375 0.503125 0.546875 0.5109375 0.5828125 0.5140625 0.6 0.521875 0.60625 0.53125 0.6078125 0.553125 0.6 0.5671875 0.590625 0.5734375 0.5703125 0.571875 0.55625 0.5671875 0.540625 0.5671875 0.5390625 0.56875 0.5171875 0.5671875 0.4984375 0.5609375 0.4859375 0.559375 0.4703125 0.55 0.465625 0.54375 0.459375 0.5265625 0.4625 0.509375 0.4703125 0.503125 0.509375 0.503125
0 0 0.9359375 0.0046875 0.9359375 0.009375 0.940625 0.015625 0.9578125 0.015625 0.9734375 0.0109375 0.978125 0 0.98125 0 0.9375
0 0.9765625 0.6328125 0.9875 0.6375 0.9984375 0.6515625 0.9984375 0.6734375 0.9921875 0.678125 0.9921875 0.68125 0.98125 0.6921875 0.9796875 0.6953125 0.98125 0.6984375 0.978125 0.703125 0.9796875 0.70625 0.9734375 0.71875 0.96875 0.7234375 0.959375 0.7265625 0.934375 0.7265625 0.921875 0.721875 0.9171875 0.7171875 0.9171875 0.7078125 0.928125 0.6953125 0.9328125 0.6671875 0.9390625 0.6546875 0.9421875 0.6421875 0.9578125 0.634375 0.975 0.634375
0 0.4984375 0.76875 0.5046875 0.771875 0.515625 0.7890625 0.5140625 0.8 0.5078125 0.809375 0.475 0.8203125 0.45 0.81875 0.434375 0.825 0.4265625 0.825 0.4125 0.8296875 0.39375 0.8296875 0.3859375 0.8234375 0.3796875 0.8046875 0.3703125 0.7890625 0.375 0.784375 0.3953125 0.7765625 0.434375 0.7703125 0.496875 0.76875
0 0.3125 0.9046875 0.3265625 0.9078125 0.3375 0.9015625 0.3484375 0.9 0.365625 0.9078125 0.3703125 0.9078125 0.3828125 0.915625 0.384375 0.9234375 0.3796875 0.9296875 0.34375 0.9265625 0.334375 0.9328125 0.3265625 0.9328125 0.2953125 0.91875 0.29375 0.9140625 0.3 0.9046875 0.3109375 0.9046875
0 0.059375 0.7671875 0.0640625 0.76875 0.08125 0.7859375 0.0859375 0.7953125 0.084375 0.8171875 0.078125 0.821875 0.04375 0.8234375 0.0359375 0.8328125 0.015625 0.8375 0 0.8375 0 0.7796875 0.0421875 0.76875 0.0578125 0.7671875
0 0.7734375 0.0609375 0.79375 0.0671875 0.8140625 0.06875 0.853125 0.0765625 0.8640625 0.0796875 0.8796875 0.0890625 0.8796875 0.1046875 0.8765625 0.1171875 0.8671875 0.1203125 0.8421875 0.1203125 0.8296875 0.1265625 0.821875 0.1265625 0.8140625 0.1296875 0.803125 0.1296875 0.7921875 0.1265625 0.78125 0.1171875 0.74375 0.1109375 0.73125 0.0984375 0.7296875 0.078125 0.7328125 0.0703125 0.7390625 0.0640625 0.771875 0.0609375
0 0.4796875 0.559375 0.5203125 0.571875 0.5578125 0.5703125 0.5640625 0.5734375 0.5765625 0.575 0.58125 0.578125 0.5921875 0.5921875 0.59375 0.6015625 0.5875 0.6125 0.5703125 0.625 0.5515625 0.625 0.5390625 0.6203125 0.503125 0.6234375 0.4765625 0.6171875 0.4421875 0.6125 0.4359375 0.60625 0.43125 0.59375 0.43125 0.584375 0.4375 0.5671875 0.44375 0.5625 0.4546875 0.559375 0.478125 0.559375
0 0.5046875 0.43125 0.521875 0.4359375 0.534375 0.4359375 0.5734375 0.4421875 0.609375 0.453125 0.6265625 0.4734375 0.6296875 0.4796875 0.6296875 0.49375 0.6234375 0.5015625 0.6015625 0.515625 0.5765625 0.509375 0.5546875 0.5078125 0.51875 0.5 0.496875 0.4984375 0.471875 0.490625 0.4671875 0.484375 0.4640625 0.46875 0.4578125 0.4578125 0.4578125 0.446875 0.4625 0.4359375 0.46875 0.4296875 0.503125 0.43125
0 0.3078125 0.9640625 0.33125 0.9703125 0.334375 0.9765625 0.334375 0.9859375 0.33125 0.990625 0.3328125 0.99375 0.328125 0.9953125 0.3265625 0.9984375 0.2875 0.9984375 0.284375 0.9953125 0.284375 0.9859375 0.2890625 0.975 0.296875 0.9671875 0.30625 0.965625