0 0.7875 0.1734375 0.7875 0.215625 0.815625 0.2296875 0.8375 0.2171875 0.8421875 0.2015625 0.83125 0.175 0.8140625 0.1671875 0.7921875 0.16875 0.7875 0.1734375
0 0.56875 0.2234375 0.5671875 0.2609375 0.56875 0.2734375 0.575 0.2796875 0.5859375 0.2796875 0.603125 0.2484375 0.6140625 0.2421875 0.6328125 0.24375 0.6390625 0.2359375 0.6390625 0.2234375 0.63125 0.2125 0.58125 0.209375 0.5734375 0.2125 0.56875 0.2234375
0 0.8921875 0.2671875 0.8890625 0.2703125 0.90625 0.29375 0.9125 0.3359375 0.9234375 0.365625 0.946875 0.375 0.990625 0.36875 0.9921875 0.359375 0.978125 0.346875 0.9578125 0.28125 0.95 0.275 0.8921875 0.2671875
0 0.0625 0.13125 0.065625 0.14375 0.084375 0.153125 0.0921875 0.1625 0.0890625 0.184375 0.1 0.19375 0.1015625 0.2015625 0.109375 0.20625 0.1296875 0.20625 0.15 0.1953125 0.15 0.18125 0.1421875 0.175 0.1421875 0.1609375 0.1296875 0.1421875 0.1109375 0.13125 0.0890625 0.1265625 0.06875 0.1265625 0.0625 0.13125
0 0.9234375 0.3328125 0.91875 0.3375 0.91875 0.3546875 0.9296875 0.3671875 0.9484375 0.375 0.9796875 0.3734375 0.9921875 0.3671875 0.990625 0.35625 0.978125 0.3515625 0.96875 0.33125 0.9234375 0.3328125
0 0.51875 0.0375 0.509375 0.065625 0.49375 0.0765625 0.49375 0.084375 0.5046875 0.09375 0.5375 0.0921875 0.5546875 0.075 0.5609375 0.05625 0.5625 0.0421875 0.55625 0.0375 0.51875 0.0375
0 0.003125 0.3171875 0 0.3359375 0.0140625 0.353125 0.0375 0.3546875 0.046875 0.34375 0.0359375 0.3234375 0.025 0.3171875 0.003125 0.3171875
0 0.7859375 0.1796875 0.7875 0.215625 0.8109375 0.2296875 0.8421875 0.2234375 0.85625 0.2359375 0.903125 0.2375 0.9359375 0.234375 0.9421875 0.2234375 0.94375 0.209375 0.9375 0.1890625 0.9171875 0.1734375 0.815625 0.1625 0.8 0.1640625 0.7859375 0.1796875
0 0.49375 0.046875 0.4890625 0.075 0.496875 0.0921875 0.5359375 0.0921875 0.5546875 0.075 0.5609375 0.0625 0.5796875 0.0109375 0.5796875 0 0.5265625 0 0.5125 0.0046875 0.49375 0.046875
0 0.79375 0.246875 0.7875 0.2625 0.8046875 0.3375 0.8328125 0.3546875 0.8484375 0.3546875 0.8625 0.3484375 0.86875 0.340625 0.86875 0.33125 0.85625 0.2890625 0.8546875 0.2609375 0.8375 0.246875 0.79375 0.246875
0 0.525 0.0015625 0.525 0.0125 0.5625 0.01875 0.571875 0.01875 0.58125 0.00625 0.58125 0 0.525 0.0015625