0 0.84375 0.8328125 0.84375 0.84375 0.871875 0.84375 0.890625 0.8484375 0.8953125 0.8546875 0.89375 0.8890625 0.8734375 0.8984375 0.875 0.9109375 0.8921875 0.9125 0.9234375 0.9296875 0.9515625 0.9375 0.9703125 0.9375 0.9984375 0.915625 0.9984375 0.8546875 0.98125 0.8546875 0.9640625 0.8390625 0.946875 0.83125 0.9125 0.8296875 0.9 0.8359375 0.84375 0.8328125
0 0.084375 0.11875 0.0796875 0.1296875 0.084375 0.11875
0 0.0921875 0.1203125 0.0890625 0.1234375 0.0984375 0.13125 0.0984375 0.1484375 0.1171875 0.15625 0.16875 0.1546875 0.190625 0.1484375 0.1984375 0.1375 0.1921875 0.1203125 0.178125 0.1125 0.0921875 0.1203125
0 0.0859375 0.771875 0.0875 0.796875 0.1125 0.8125 0.1578125 0.815625 0.171875 0.8125 0.178125 0.8015625 0.1734375 0.7765625 0.1640625 0.7765625 0.15625 0.7671875 0.1421875 0.7671875 0.1296875 0.7734375 0.1171875 0.7640625 0.10625 0.7640625 0.0859375 0.771875
0 0.009375 0.8296875 0 0.8296875 0 0.8859375 0.021875 0.8890625 0.0625 0.88125 0.0625 0.846875 0.034375 0.8328125 0.009375 0.8296875
0 0.0375 0.125 0.0375 0.1421875 0.0609375 0.15625 0.1703125 0.1546875 0.1921875 0.1484375 0.1984375 0.1390625 0.190625 0.1203125 0.18125 0.115625 0.0703125 0.1171875 0.0546875 0.1125 0.0375 0.125
0 0.0046875 0.7359375 0 0.7421875 0 0.7609375 0.0125 0.7796875 0.034375 0.78125 0.04375 0.7875 0.08125 0.7875 0.0890625 0.7984375 0.1 0.8015625 0.1109375 0.8125 0.15625 0.815625 0.171875 0.8125 0.178125 0.8046875 0.1734375 0.7796875 0.1609375 0.76875 0.1546875 0.753125 0.1390625 0.7453125 0.0375 0.7296875 0.0203125 0.7296875 0.0046875 0.7359375
0 0.175 0.4 0.1734375 0.4203125 0.1859375 0.425 0.21875 0.425 0.2296875 0.4109375 0.2265625 0.4 0.2109375 0.39375 0.18125 0.39375 0.175 0.4
0 0.03125 0.10625 0.03125 0.1359375 0.04375 0.15 0.0578125 0.15625 0.1703125 0.1546875 0.1921875 0.1484375 0.2 0.1390625 0.1921875 0.09375 0.1765625 0.0859375 0.1046875 0.0859375 0.078125 0.09375 0.0546875 0.09375 0.03125 0.10625
0 0.6984375 0.1296875 0.7 0.16875 0.7109375 0.178125 0.7359375 0.18125 0.7546875 0.1921875 0.775 0.1921875 0.796875 0.1609375 0.8203125 0.1609375 0.8875 0.1734375 0.9171875 0.1734375 0.921875 0.16875 0.9109375 0.1296875 0.9015625 0.11875 0.878125 0.1109375 0.8421875 0.109375 0.796875 0.1 0.7609375 0.1 0.7140625 0.11875 0.6984375 0.1296875
0 0.9578125 0.1734375 0.95625 0.2 0.9625 0.21875 0.975 0.225 0.9984375 0.225 0.9984375 0.1578125 0.96875 0.1640625 0.9578125 0.1734375
0 0.4125 0.1 0.4109375 0.125 0.4375 0.1421875 0.471875 0.1421875 0.4796875 0.146875 0.5140625 0.15 0.5515625 0.1484375 0.5609375 0.1421875 0.5671875 0.1296875 0.565625 0.1125 0.5375 0.09375 0.4421875 0.0859375 0.4125 0.1