0 0.375 0.7453125 0.3765625 0.7984375 0.4046875 0.8109375 0.4375 0.8046875 0.4484375 0.790625 0.45625 0.7671875 0.45625 0.740625 0.4671875 0.725 0.4625 0.6984375 0.446875 0.6875 0.4109375 0.6875 0.3890625 0.7109375 0.375 0.7453125
0 0.5140625 0.3671875 0.5125 0.384375 0.5203125 0.4 0.5421875 0.4 0.55 0.3953125 0.5546875 0.4 0.5875 0.4 0.5984375 0.39375 0.603125 0.375 0.6 0.29375 0.571875 0.28125 0.54375 0.2859375 0.525 0.3265625 0.5140625 0.3671875
0 0.7125 0.0875 0.7109375 0.1015625 0.725 0.10625 0.7609375 0.10625 0.76875 0.096875 0.7703125 0.0703125 0.7375 0.075 0.7125 0.0875
0 0.90625 0.84375 0.9015625 0.875 0.9125 0.89375 0.9296875 0.8921875 0.9546875 0.88125 0.96875 0.8546875 0.96875 0.8390625 0.9484375 0.8234375 0.9296875 0.8234375 0.9171875 0.8296875 0.90625 0.84375
0 0.0671875 0.0203125 0.065625 0.0421875 0.0734375 0.06875 0.0984375 0.06875 0.11875 0.0796875 0.14375 0.0796875 0.1546875 0.06875 0.1671875 0.0078125 0.1625 0.003125 0.10625 0.0046875 0.084375 0 0.075 0.0046875 0.0671875 0.0203125
0 0.0625 0.03125 0.065625 0.0921875 0.0609375 0.1171875 0.0875 0.15 0.1234375 0.1546875 0.1421875 0.10625 0.1421875 0.0890625 0.1484375 0.084375 0.1609375 0.0546875 0.16875 0.0046875 0.1609375 0 0.0796875 0 0.06875 0.0109375 0.0625 0.03125
0 0.0625 0.1015625 0.0625 0.11875 0.0796875 0.1296875 0.0859375 0.146875 0.09375 0.1421875 0.0890625 0.1375 0.09375 0.13125 0.1234375 0.13125 0.1359375 0.1203125 0.1375 0.0921875 0.1296875 0.0859375 0.0796875 0.0875 0.0625 0.1015625
0 0.60625 0.1046875 0.59375 0.1265625 0.59375 0.1421875 0.6015625 0.1546875 0.6203125 0.1671875 0.6421875 0.1734375 0.6671875 0.1484375 0.6765625 0.125 0.6984375 0.10625 0.6984375 0.075 0.6828125 0.0625 0.665625 0.0578125 0.6375 0.0625 0.60625 0.1046875
0 0.4875 0.6515625 0.4875 0.6890625 0.49375 0.69375 0.5140625 0.690625 0.5234375 0.671875 0.5234375 0.6515625 0.5109375 0.6453125 0.496875 0.6453125 0.4875 0.6515625
0 0.234375 0 0.2109375 0 0.2109375 0.009375 0.21875 0.0171875 0.23125 0.0171875 0.2359375 0.0125 0.234375 0
0 0.4484375 0.5078125 0.4484375 0.5375 0.4609375 0.546875 0.4796875 0.5515625 0.51875 0.5484375 0.534375 0.53125 0.5421875 0.4515625 0.5234375 0.43125 0.5109375 0.4265625 0.4875 0.4265625 0.4765625 0.4328125 0.4578125 0.46875 0.4484375 0.5078125