0 0.94375 0.2421875 0.94375 0.3265625 0.96875 0.3359375 0.9921875 0.3359375 0.9984375 0.33125 0.9984375 0.2234375 0.9640625 0.2203125 0.94375 0.2421875
0 0.0203125 0.921875 0.01875 0.9375 0.0125 0.9453125 0.01875 0.9796875 0.0359375 0.975 0.0421875 0.9796875 0.0796875 0.984375 0.0875 0.99375 0.10625 0.99375 0.109375 0.9984375 0.1359375 0.9984375 0.1390625 0.99375 0.1421875 0.9984375 0.16875 0.9984375 0.1875 0.9796875 0.2046875 0.9484375 0.2171875 0.909375 0.2171875 0.89375 0.209375 0.88125 0.146875 0.8671875 0.125 0.85 0.11875 0.8546875 0.1125 0.84375 0.1 0.8359375 0.084375 0.8328125 0.0765625 0.84375 0.0796875 0.8484375 0.06875 0.8546875 0.06875 0.884375 0.03125 0.9 0.0296875 0.9046875 0.04375 0.909375 0.0390625 0.9234375 0.028125 0.9171875 0.0203125 0.921875
0 0.0046875 0.709375 0.00625 0.7390625 0.028125 0.7484375 0.0546875 0.74375 0.05625 0.7171875 0.05 0.70625 0.0109375 0.7015625 0.0046875 0.709375
0 0.025 0.90625 0.0234375 0.9234375 0.03125 0.93125 0.046875 0.9296875 0.0765625 0.915625 0.0796875 0.89375 0.0703125 0.8859375 0.05625 0.8859375 0.0375 0.8921875 0.025 0.90625
0 0.034375 0.9328125 0.01875 0.9484375 0.01875 0.95625 0.05 0.9796875 0.0796875 0.9796875 0.0859375 0.9640625 0.0921875 0.9609375 0.0890625 0.9515625 0.09375 0.9484375 0.09375 0.9328125 0.084375 0.925 0.06875 0.9234375 0.04375 0.9265625 0.034375 0.9328125
0 0.0203125 0.9171875 0.01875 0.9609375 0.0515625 0.9796875 0.1 0.9796875 0.109375 0.971875 0.1109375 0.9484375 0.1375 0.8921875 0.1375 0.878125 0.1171875 0.8609375 0.115625 0.85 0.10625 0.8390625 0.096875 0.8328125 0.0796875 0.8328125 0.065625 0.85 0.06875 0.88125 0.034375 0.89375 0.0203125 0.9171875
0 0.0875 0.8828125 0.0859375 0.921875 0.096875 0.9296875 0.115625 0.9296875 0.1296875 0.9 0.1375 0.89375 0.1359375 0.875 0.1171875 0.8671875 0.0875 0.8828125
0 0.0671875 0.84375 0.065625 0.8609375 0.0734375 0.88125 0.09375 0.88125 0.11875 0.8640625 0.1171875 0.85 0.096875 0.83125 0.075 0.8328125 0.0671875 0.84375
0 0.6453125 0 0.596875 0.003125 0.6078125 0.025 0.6234375 0.028125 0.64375 0.0171875 0.6453125 0
0 0.759375 0 0.59375 0 0.6125 0.028125 0.628125 0.028125 0.6453125 0.01875 0.665625 0.01875 0.7078125 0.0296875 0.7421875 0.0296875 0.75 0.025 0.759375 0
0 0.00625 0.7 0 0.7125 0 0.728125 0.0078125 0.7390625 0.0296875 0.7484375 0.0703125 0.75 0.11875 0.76875 0.1546875 0.76875 0.1625 0.7734375 0.18125 0.76875 0.1921875 0.7484375 0.1859375 0.71875 0.16875 0.7078125 0.1296875 0.6984375 0.0609375 0.6921875 0.01875 0.69375 0.00625 0.7