0 0.3453125 0.7921875 0.3453125 0.8046875 0.353125 0.8109375 0.371875 0.8078125 0.36875 0.7921875 0.3453125 0.7921875
0 0.6875 0 0.6828125 0.025 0.69375 0.03125 0.70625 0.0296875 0.7171875 0.0171875 0.71875 0 0.6875 0
0 0.040625 0.3234375 0.034375 0.33125 0 0.33125 0 0.3953125 0.00625 0.4 0.0421875 0.4 0.05 0.39375 0.04375 0.3578125 0.0546875 0.3296875 0.05 0.3234375 0.040625 0.3234375
0 0.9578125 0.0453125 0.95625 0.06875 0.96875 0.0796875 0.975 0.09375 0.9984375 0.09375 0.9984375 0.0578125 0.99375 0.05 0.9796875 0.0421875 0.9578125 0.0453125
0 0.70625 0.85 0.7015625 0.8734375 0.7078125 0.884375 0.721875 0.89375 0.7515625 0.89375 0.771875 0.8875 0.859375 0.9125 0.8984375 0.909375 0.9125 0.8984375 0.8953125 0.8796875 0.8734375 0.8796875 0.8609375 0.8703125 0.8171875 0.8625 0.8046875 0.8546875 0.7625 0.8546875 0.753125 0.84375 0.70625 0.85
0 0.40625 0.3859375 0.4 0.4 0.40625 0.421875 0.4375 0.421875 0.446875 0.415625 0.446875 0.4078125 0.4328125 0.4 0.41875 0.38125 0.40625 0.3859375
0 0.79375 0.8828125 0.7921875 0.8875 0.8234375 0.90625 0.86875 0.915625 0.9125 0.90625 0.915625 0.8984375 0.8921875 0.878125 0.8671875 0.878125 0.85625 0.8703125 0.825 0.8640625 0.815625 0.8640625 0.79375 0.8828125
0 0.03125 0.85625 0.028125 0.86875 0.0375 0.884375 0.06875 0.9046875 0.0828125 0.9015625 0.0875 0.90625 0.125 0.90625 0.1609375 0.8921875 0.184375 0.875 0.1875 0.8640625 0.1875 0.853125 0.1796875 0.840625 0.1609375 0.8328125 0.10625 0.8359375 0.03125 0.85625
0 0.71875 0.8640625 0.70625 0.8703125 0.70625 0.8796875 0.71875 0.89375 0.7484375 0.89375 0.75625 0.8875 0.75625 0.8734375 0.75 0.8671875 0.71875 0.8640625
0 0.275 0.7015625 0.28125 0.759375 0.3234375 0.7609375 0.3234375 0.725 0.31875 0.7140625 0.2921875 0.6984375 0.275 0.7015625
0 0.41875 0.225 0.4171875 0.2359375 0.425 0.25 0.4796875 0.25 0.4921875 0.2359375 0.4921875 0.2234375 0.4703125 0.2046875 0.4421875 0.20625 0.41875 0.225
0 0.68125 0.0125 0.6796875 0.0234375 0.6875 0.03125 0.71875 0.03125 0.7296875 0.0359375 0.765625 0.0296875 0.7703125 0.01875 0.7640625 0 0.6859375 0 0.68125 0.0125
0 0.8625 0.88125 0.8546875 0.8859375 0.8546875 0.90625 0.8640625 0.9125 0.896875 0.9109375 0.9109375 0.9046875 0.9109375 0.89375 0.8984375 0.88125 0.8625 0.88125
0 0.34375 0.9328125 0.3375 0.95 0.3375 0.96875 0.3484375 0.9875 0.3609375 0.9890625 0.371875 0.975 0.4171875 0.9796875 0.4359375 0.9734375 0.4359375 0.9515625 0.4296875 0.9328125 0.4234375 0.9296875 0.3734375 0.921875 0.3546875 0.925 0.34375 0.9328125
0 0.0234375 0.9265625 0.0203125 0.9609375 0.0421875 0.9796875 0.0796875 0.978125 0.1203125 0.9640625 0.146875 0.9609375 0.171875 0.9421875 0.171875 0.93125 0.1609375 0.909375 0.1421875 0.9046875 0.1265625 0.90625 0.1109375 0.9171875 0.0734375 0.909375 0.0234375 0.9265625
0 0.2015625 0.4109375 0.2015625 0.4359375 0.21875 0.45625 0.253125 0.45625 0.31875 0.4421875 0.346875 0.415625 0.3484375 0.39375 0.3265625 0.38125 0.30625 0.3796875 0.2703125 0.3859375 0.2015625 0.4109375
0 0.4171875 0.2703125 0.4125 0.296875 0.4265625 0.3109375 0.4546875 0.3140625 0.4671875 0.30625 0.4703125 0.2875 0.4796875 0.2734375 0.4796875 0.2609375 0.465625 0.25 0.43125 0.25 0.4171875 0.2703125
0 0.071875 0.7765625 0.06875 0.7921875 0.075 0.81875 0.0890625 0.8328125 0.1 0.8359375 0.146875 0.8296875 0.1703125 0.81875 0.1984375 0.815625 0.2109375 0.8109375 0.2296875 0.7921875 0.2171875 0.7625 0.19375 0.753125 0.1375 0.75625 0.071875 0.7765625
0 0.60625 0.35625 0.6 0.3625 0.6 0.375 0.60625 0.3796875 0.6359375 0.375 0.64375 0.3640625 0.634375 0.3546875 0.60625 0.35625
0 0.425 0.3421875 0.41875 0.3734375 0.4546875 0.36875 0.4578125 0.3484375 0.453125 0.3359375 0.4375 0.325 0.425 0.3421875
0 0.56875 0.2828125 0.565625 0.3171875 0.5734375 0.3296875 0.5890625 0.3375 0.6171875 0.3359375 0.628125 0.3296875 0.628125 0.3015625 0.6484375 0.275 0.6484375 0.24375 0.6171875 0.2359375 0.5890625 0.2359375 0.58125 0.2453125 0.5734375 0.2796875 0.56875 0.2828125
0 0.8953125 0.98125 0.8921875 0.99375 0.8984375 0.9984375 0.946875 0.9984375 0.9484375 0.9890625 0.9328125 0.975 0.9 0.975 0.8953125 0.98125
0 0.5515625 0.821875 0.5515625 0.8359375 0.565625 0.8390625 0.5875 0.85625 0.6 0.8546875 0.5921875 0.8328125 0.5765625 0.81875 0.5625 0.8171875 0.5515625 0.821875
0 0.3375 0.5671875 0.3375 0.5921875 0.34375 0.59375 0.3625 0.58125 0.38125 0.5546875 0.4 0.5671875 0.4078125 0.5625 0.4171875 0.5546875 0.4171875 0.5375 0.396875 0.5234375 0.36875 0.5203125 0.3484375 0.53125 0.3375 0.5671875
0 0.44296875 0.41484375 0.0015625 0.0046875
0 0.40390625 0.40546875 0.0015625 0.0015625
0 0.43046875 0.40234375 0.0015625 0.0046875
0 0.5546875 0.81875 0.55 0.8328125 0.58125 0.8546875 0.5875 0.884375 0.6 0.8921875 0.6125 0.875 0.609375 0.8546875 0.596875 0.8328125 0.5796875 0.81875 0.5546875 0.81875
0 0.2625 0 0.2609375 0.0109375 0.275 0.01875 0.2953125 0.0203125 0.3125 0.0140625 0.3125 0 0.2625 0
0 0.4125 0.25 0.4125 0.2984375 0.425 0.3109375 0.453125 0.3140625 0.4640625 0.309375 0.4734375 0.2921875 0.4796875 0.2734375 0.4796875 0.25 0.4921875 0.2359375 0.4921875 0.2234375 0.4703125 0.2046875 0.4421875 0.2046875 0.41875 0.21875 0.4125 0.25
0 0.0859375 0.88125 0.0796875 0.9046875 0.09375 0.9109375 0.115625 0.9109375 0.15 0.8984375 0.1484375 0.8859375 0.1375 0.875 0.0984375 0.875 0.0859375 0.88125
0 0.475 0.9828125 0.4734375 0.9921875 0.4796875 0.9984375 0.4890625 0.9984375 0.49375 0.99375 0.528125 0.9890625 0.534375 0.984375 0.5359375 0.975 0.5328125 0.9671875 0.5203125 0.9640625 0.475 0.9828125
0 0.1578125 0.503125 0.1546875 0.5171875 0.1625 0.5296875 0.1859375 0.546875 0.2015625 0.546875 0.240625 0.5265625 0.24375 0.5296875 0.3046875 0.5171875 0.3171875 0.5 0.3171875 0.4890625 0.296875 0.46875 0.2359375 0.46875 0.1578125 0.503125
0 0.7015625 0.85625 0.7015625 0.875 0.71875 0.89375 0.75 0.89375 0.7640625 0.88125 0.7703125 0.88125 0.7703125 0.86875 0.75 0.84375 0.7125 0.8484375 0.7015625 0.85625
0 0.5890625 0.8703125 0.5890625 0.8859375 0.6046875 0.8890625 0.603125 0.8703125 0.5890625 0.8703125
0 0.4125 0 0.3765625 0 0.3765625 0.0078125 0.3796875 0.0125 0.403125 0.0140625 0.4109375 0.0109375 0.4125 0