0 0.28125 0.078125 0.2828125 0.1140625 0.30625 0.1234375 0.33125 0.125 0.359375 0.1359375 0.3875 0.1375 0.4109375 0.1484375 0.43125 0.146875 0.446875 0.125 0.440625 0.0859375 0.3953125 0.0859375 0.390625 0.09375 0.3640625 0.09375 0.353125 0.0859375 0.3171875 0.0796875 0.30625 0.0703125 0.2921875 0.06875 0.28125 0.078125
0 0.0375 0.0671875 0.0234375 0.065625 0 0.05 0.0046875 0.05625 0 0.0580359375 0 0.10625 0.0375 0.1328125 0.0515625 0.1359375 0.05625 0.1296875 0.06875 0.1265625 0.0671875 0.0859375 0.0578125 0.0859375 0.0375 0.0671875
0 0.0109375 0.1109375 0 0.10625 0 0.19375 0.03125 0.1875 0.0421875 0.171875 0.0421875 0.1390625 0.0109375 0.1109375
0 0.18125 0.45 0.1796875 0.465625 0.1859375 0.4828125 0.209375 0.4921875 0.2421875 0.49375 0.275 0.5046875 0.3234375 0.50625 0.3421875 0.484375 0.328125 0.459375 0.3171875 0.45 0.296875 0.44375 0.209375 0.434375 0.1890625 0.4390625 0.18125 0.45
0 0.0375 0 0 0 0 0.1109375 0.028125 0.125 0.046875 0.146875 0.04375 0.1578125 0.0609375 0.1671875 0.1046875 0.153125 0.0984375 0.1 0.0921875 0.0984375 0.0859375 0.0796875 0.0921875 0.06875 0.0921875 0.0515625 0.0984375 0.04375 0.1 0.028125 0.0984375 0.01875 0.071875 0.0171875 0.059375 0.0046875 0.0375 0
0 0.2 0.3296875 0.2 0.3484375 0.209375 0.359375 0.278125 0.3734375 0.296875 0.36875 0.3171875 0.375 0.3421875 0.375 0.3515625 0.36875 0.3609375 0.3484375 0.353125 0.3328125 0.3140625 0.321875 0.3109375 0.3171875 0.2875 0.3171875 0.24375 0.3046875 0.225 0.30625 0.2 0.3296875
0 0.4734375 0 0.340625 0 0.340625 0.00625 0.3765625 0.01875 0.4546875 0.025 0.4703125 0.0109375 0.4734375 0
0 0.2609375 0.19375 0.25625 0.2 0.25625 0.225 0.26875 0.2421875 0.328125 0.25 0.34375 0.2609375 0.3796875 0.2609375 0.39375 0.2484375 0.39375 0.2171875 0.3796875 0.2 0.2890625 0.184375 0.2671875 0.1875 0.2609375 0.19375
0 0.0859375 0.25625 0.084375 0.278125 0.0875 0.26875 0.09375 0.2671875 0.0859375 0.25625
0 0.06875 0.1375 0.05625 0.1296875 0.0515625 0.1328125 0.0265625 0.1171875 0.0203125 0.1015625 0.0078125 0.1 0 0.0859375 0 0.093865625 0.00625 0.0984375 0 0.10179374999999999 0.003125 0.3015625 0.01875 0.2859375 0.0453125 0.284375 0.0578125 0.2625 0.0796875 0.240625 0.06875 0.2 0.05 0.184375 0.05 0.1765625 0.0625 0.1609375 0.0671875 0.1609375 0.0640625 0.1515625 0.06875 0.1375
0 0.0046875 0.0375 0 0.0375 0 0.0421875 0.0046875 0.0375
0 0.353125 0 0.34375 0.0015625 0.3546875 0.0046875 0.353125 0
0 0.025 0 0 0 0 0.028125 0.0140625 0.025 0.025 0
0 0.8078125 0.04375 0.8046875 0.0734375 0.796875 0.090625 0.8046875 0.10625 0.8359375 0.10625 0.8421875 0.1109375 0.915625 0.1171875 0.9375 0.125 0.9984375 0.1296875 0.9984375 0.0859375 0.99375 0.0828125 0.9984375 0.04375 0.9921875 0.0375 0.940625 0.0359375 0.8984375 0.025 0.8421875 0.0203125 0.8234375 0.025 0.8078125 0.04375
0 0.5765625 0.8015625 0.5765625 0.8484375 0.5828125 0.8546875 0.5921875 0.8546875 0.6046875 0.8171875 0.6046875 0.79375 0.6125 0.784375 0.6125 0.76875 0.6 0.7625 0.5875 0.775 0.5765625 0.8015625
0 0.2796875 0.0859375 0.2796875 0.10625 0.2890625 0.1171875 0.3359375 0.125 0.3484375 0.13125 0.378125 0.1328125 0.3953125 0.1421875 0.425 0.146875 0.4421875 0.13125 0.440625 0.0828125 0.45 0.0671875 0.4515625 0.0515625 0.446875 0.0375 0.4359375 0.03125 0.3625 0.01875 0.3171875 0.0171875 0.3109375 0.0203125 0.3 0.0484375 0.2828125 0.0703125 0.2796875 0.0859375
0 0.30625 0.025 0.29375 0.0671875 0.3421875 0.0859375 0.3578125 0.0859375 0.3796875 0.09375 0.4109375 0.084375 0.4359375 0.0859375 0.4546875 0.065625 0.4546875 0.0515625 0.446875 0.0375 0.4171875 0.025 0.340625 0.0140625 0.3234375 0.0140625 0.30625 0.025
0 0.2203125 0.2625 0.2203125 0.3046875 0.2453125 0.3015625 0.3453125 0.325 0.36875 0.3234375 0.38125 0.309375 0.3796875 0.2703125 0.371875 0.2625 0.34375 0.2625 0.328125 0.2546875 0.2640625 0.24375 0.23125 0.25 0.2203125 0.2625