0 0.89375 0.55625 0.89375 0.58125 0.90625 0.5921875 0.95625 0.6046875 0.9984375 0.6046875 0.9984375 0.5234375 0.9921875 0.51875 0.9546875 0.51875 0.9390625 0.53125 0.9125 0.5375 0.89375 0.55625
0 0.84375 0.8265625 0.8390625 0.8546875 0.85 0.875 0.8625 0.8859375 0.8734375 0.8859375 0.8890625 0.8625 0.95625 0.8703125 0.978125 0.8671875 0.9796875 0.85 0.9546875 0.825 0.859375 0.8078125 0.84375 0.8265625
0 0.925 0.7 0.9125 0.7125 0.9125 0.7296875 0.925 0.7421875 0.9625 0.753125 0.978125 0.753125 0.9984375 0.7359375 0.9984375 0.70625 0.9734375 0.6984375 0.925 0.7
0 0.9125 0.6296875 0.90625 0.6359375 0.90625 0.6625 0.9171875 0.671875 0.9609375 0.6796875 0.9984375 0.6796875 0.9984375 0.63125 0.975 0.625 0.921875 0.625 0.9125 0.6296875
0 0.6765625 0.6703125 0.66875 0.6796875 0.66875 0.6875 0.68125 0.7046875 0.696875 0.7109375 0.725 0.71875 0.771875 0.71875 0.7921875 0.7234375 0.8125 0.721875 0.8171875 0.7171875 0.8171875 0.6984375 0.8109375 0.6828125 0.796875 0.6765625 0.73125 0.6671875 0.725 0.6625 0.6875 0.6625 0.6765625 0.6703125
0 0.35625 0.43125 0.3453125 0.4421875 0.3453125 0.45625 0.35 0.4609375 0.36875 0.46875 0.39375 0.4671875 0.3984375 0.4625 0.39375 0.4484375 0.375 0.4296875 0.35625 0.43125
0 0.225 0.65 0.2234375 0.675 0.23125 0.6859375 0.3234375 0.7109375 0.3515625 0.7125 0.3640625 0.7046875 0.3609375 0.6765625 0.3375 0.6625 0.325 0.6625 0.3171875 0.65625 0.2640625 0.64375 0.2546875 0.6375 0.2375 0.6375 0.225 0.65
0 0.6734375 0.521875 0.6671875 0.53125 0.6671875 0.546875 0.7015625 0.5671875 0.740625 0.56875 0.7671875 0.5734375 0.78125 0.58125 0.8 0.58125 0.8125 0.5734375 0.8109375 0.53125 0.7890625 0.51875 0.75 0.5109375 0.7046875 0.509375 0.6859375 0.5125 0.6734375 0.521875
0 0.65625 0.603125 0.6515625 0.6125 0.6671875 0.6296875 0.7328125 0.6359375 0.76875 0.6453125 0.7890625 0.6453125 0.8 0.6375 0.8 0.625 0.79375 0.6140625 0.75 0.6 0.675 0.5890625 0.6625 0.59375 0.65625 0.603125
0 0.64375 0.5890625 0.6390625 0.6 0.6421875 0.6109375 0.65625 0.625 0.671875 0.63125 0.7328125 0.6375 0.7734375 0.6484375 0.7984375 0.6421875 0.8015625 0.634375 0.7984375 0.6 0.778125 0.5859375 0.7203125 0.5796875 0.7046875 0.5734375 0.665625 0.5734375 0.64375 0.5890625
0 0.86875 0.89375 0.86875 0.909375 0.88125 0.915625 0.95 0.9296875 0.9984375 0.93125 0.9984375 0.88125 0.8921875 0.8625 0.8859375 0.865625 0.86875 0.89375
0 0.91875 0.5546875 0.8984375 0.575 0.90625 0.5921875 0.9265625 0.59375 0.95625 0.6046875 0.984375 0.6046875 0.990625 0.5671875 0.94375 0.5546875 0.91875 0.5546875