0 0.084375 0.0640625 0.1078125 0.0734375 0.1109375 0.0734375 0.11875 0.065625 0.1375 0.0609375 0.1484375 0.0609375 0.1609375 0.065625 0.1671875 0.075 0.16875 0.084375 0.1734375 0.09375 0.171875 0.1 0.1609375 0.1109375 0.1390625 0.1203125 0.1203125 0.121875 0.0796875 0.134375 0.05625 0.1375 0.04375 0.1375 0.025 0.1234375 0.021875 0.115625 0.0234375 0.10625 0.021875 0.0875 0.025 0.0828125 0.03125 0.0796875 0.0671875 0.06875 0.075 0.0640625 0.0828125 0.0640625
0 0.1828125 0 0.1875 0.009375 0.1875 0.025 0.1859375 0.03125 0.175 0.040625 0.1578125 0.0484375 0.146875 0.0484375 0.1390625 0.0390625 0.115625 0.034375 0.1140625 0.0359375 0.1 0.034375 0.0890625 0.040625 0.0859375 0.046875 0.0859375 0.059375 0.075 0.0609375 0.053125 0.0546875 0.04375 0.046875 0.028125 0.0296875 0.0265625 0.01875 0.03125 0.0140625 0.05 0.00625 0.0609375 0.00625 0.0828125 0 0.18125 0
0 0.325 0.384375 0.3375 0.3875 0.353125 0.3875 0.3828125 0.3953125 0.4 0.403125 0.4046875 0.4078125 0.4109375 0.425 0.409375 0.4375 0.403125 0.446875 0.3828125 0.4546875 0.3546875 0.453125 0.334375 0.4484375 0.3078125 0.4484375 0.2859375 0.4515625 0.2765625 0.4421875 0.278125 0.4390625 0.2765625 0.4203125 0.2703125 0.4125 0.2640625 0.409375 0.2671875 0.390625 0.2765625 0.3828125 0.2875 0.38125 0.3234375 0.384375
0 0.5765625 0.29375 0.6171875 0.303125 0.6453125 0.30625 0.6640625 0.3125 0.671875 0.3125 0.6796875 0.315625 0.69375 0.3296875 0.6984375 0.33125 0.7 0.34375 0.69375 0.35625 0.6875 0.3625 0.65625 0.3734375 0.6359375 0.3671875 0.6171875 0.3671875 0.6 0.3609375 0.5796875 0.359375 0.559375 0.353125 0.5328125 0.3265625 0.53125 0.3078125 0.5375 0.2984375 0.5453125 0.2953125 0.575 0.29375
0 0.7609375 0.009375 0.7625 0.0109375 0.7984375 0.009375 0.821875 0.01875 0.840625 0.021875 0.8671875 0.03125 0.890625 0.0328125 0.896875 0.0359375 0.9125 0.05625 0.9078125 0.0609375 0.8953125 0.0671875 0.878125 0.0703125 0.8671875 0.06875 0.853125 0.0625 0.81875 0.0578125 0.8125 0.053125 0.8015625 0.05 0.7859375 0.05 0.771875 0.046875 0.75625 0.05 0.721875 0.05 0.7140625 0.046875 0.703125 0.03125 0.703125 0.015625 0.7046875 0.0109375 0.7109375 0.0046875 0.753125 0.003125 0.759375 0.009375
0 0.128125 0.03125 0.1359375 0.0328125 0.14375 0.0375 0.1515625 0.053125 0.1453125 0.059375 0.1390625 0.059375 0.109375 0.06875 0.103125 0.0671875 0.0984375 0.06875 0.08125 0.059375 0.084375 0.0421875 0.0875 0.0375 0.0953125 0.0328125 0.1265625 0.03125
0 0.8921875 0.4640625 0.921875 0.4703125 0.9515625 0.4734375 0.9984375 0.4859375 0.9984375 0.54375 0.996875 0.5453125 0.975 0.5453125 0.9609375 0.540625 0.915625 0.5375 0.903125 0.5328125 0.890625 0.53125 0.86875 0.521875 0.8546875 0.503125 0.853125 0.4984375 0.8546875 0.4796875 0.86875 0.465625 0.890625 0.4640625
0 0.1234375 0.3484375 0.190625 0.359375 0.20625 0.3640625 0.2125 0.36875 0.2265625 0.3921875 0.228125 0.403125 0.221875 0.4109375 0.196875 0.4265625 0.184375 0.43125 0.15625 0.428125 0.140625 0.4234375 0.125 0.4125 0.1234375 0.403125 0.11875 0.3984375 0.109375 0.396875 0.0984375 0.409375 0.078125 0.4078125 0.065625 0.4015625 0.0625 0.396875 0.0625 0.3734375 0.0640625 0.371875 0.0625 0.3625 0.06875 0.3515625 0.0765625 0.3484375 0.121875 0.3484375
0 0.83125 0.328125 0.8453125 0.3296875 0.853125 0.3328125 0.8671875 0.3328125 0.8984375 0.3375 0.909375 0.3421875 0.9140625 0.346875 0.915625 0.35 0.9140625 0.390625 0.909375 0.396875 0.890625 0.4 0.8578125 0.3984375 0.840625 0.3921875 0.828125 0.390625 0.8203125 0.3859375 0.7921875 0.384375 0.771875 0.378125 0.7625 0.371875 0.7578125 0.359375 0.7578125 0.3453125 0.7609375 0.3390625 0.771875 0.3296875 0.7875 0.325 0.8296875 0.328125
0 0.715625 0.44375 0.7171875 0.4453125 0.7328125 0.4453125 0.7453125 0.45 0.771875 0.453125 0.778125 0.45625 0.7984375 0.459375 0.8171875 0.46875 0.8265625 0.48125 0.8265625 0.496875 0.8234375 0.50625 0.815625 0.5125 0.7875 0.515625 0.7421875 0.5140625 0.7265625 0.5078125 0.7125 0.50625 0.6625 0.4921875 0.659375 0.4875 0.6578125 0.46875 0.659375 0.4578125 0.665625 0.4484375 0.6796875 0.4421875 0.7140625 0.44375
0 0.1015625 0.9125 0.1109375 0.915625 0.1234375 0.915625 0.153125 0.921875 0.171875 0.9234375 0.1859375 0.93125 0.1859375 0.946875 0.1875 0.9484375 0.184375 0.9625 0.1765625 0.9671875 0.1515625 0.9703125 0.109375 0.96875 0.103125 0.965625 0.0875 0.9640625 0.0828125 0.9703125 0.0796875 0.965625 0.0703125 0.9609375 0.0671875 0.9625 0.0546875 0.9578125 0.05 0.959375 0.0421875 0.9515625 0.040625 0.9390625 0.04375 0.91875 0.046875 0.9140625 0.05625 0.9109375 0.1 0.9125
0 0.70625 0.3703125 0.7546875 0.375 0.7859375 0.3859375 0.8125 0.3875 0.834375 0.396875 0.85 0.4140625 0.8484375 0.4265625 0.8328125 0.44375 0.8078125 0.453125 0.7890625 0.453125 0.78125 0.4484375 0.7609375 0.4484375 0.746875 0.4421875 0.721875 0.4390625 0.7 0.4296875 0.6984375 0.4125 0.6875 0.4 0.6859375 0.3890625 0.690625 0.3765625 0.696875 0.371875 0.7046875 0.3703125
0 0.165625 0.24375 0.2140625 0.25 0.2453125 0.2578125 0.2625 0.259375 0.2734375 0.265625 0.2765625 0.271875 0.2765625 0.278125 0.271875 0.3015625 0.2625 0.3078125 0.246875 0.3125 0.203125 0.3078125 0.1921875 0.3046875 0.1765625 0.2953125 0.14375 0.290625 0.1359375 0.2828125 0.1328125 0.2734375 0.1328125 0.25 0.1390625 0.2453125 0.1640625 0.24375